2.173913043478260809e-01 7.727272727272727071e-01 7.727272727272727071e-01 1.904761904761904656e-01 1.904761904761904656e-01
8.260869565217391353e-01 7.727272727272727071e-01 7.727272727272727071e-01 8.095238095238095344e-01 8.095238095238095344e-01
2.173913043478260809e-01 7.727272727272727071e-01 7.727272727272727071e-01 1.904761904761904656e-01 1.904761904761904656e-01
2.173913043478260809e-01 7.727272727272727071e-01 7.727272727272727071e-01 1.904761904761904656e-01 1.904761904761904656e-01
2.173913043478260809e-01 7.727272727272727071e-01 7.727272727272727071e-01 1.904761904761904656e-01 1.904761904761904656e-01
7.826086956521739468e-01 7.727272727272727071e-01 7.727272727272727071e-01 1.904761904761904656e-01 1.904761904761904656e-01
2.173913043478260809e-01 7.727272727272727071e-01 7.727272727272727071e-01 1.904761904761904656e-01 1.904761904761904656e-01
7.826086956521739468e-01 8.181818181818182323e-01 8.181818181818182323e-01 1.904761904761904656e-01 1.904761904761904656e-01
2.173913043478260809e-01 7.727272727272727071e-01 7.727272727272727071e-01 1.904761904761904656e-01 1.904761904761904656e-01
7.826086956521739468e-01 7.727272727272727071e-01 7.727272727272727071e-01 1.904761904761904656e-01 1.904761904761904656e-01
7.826086956521739468e-01 7.727272727272727071e-01 7.727272727272727071e-01 1.904761904761904656e-01 1.904761904761904656e-01
2.173913043478260809e-01 8.181818181818182323e-01 8.181818181818182323e-01 1.904761904761904656e-01 1.904761904761904656e-01
7.826086956521739468e-01 7.727272727272727071e-01 7.727272727272727071e-01 1.904761904761904656e-01 1.904761904761904656e-01
7.826086956521739468e-01 7.727272727272727071e-01 7.727272727272727071e-01 1.904761904761904656e-01 1.904761904761904656e-01
7.826086956521739468e-01 7.727272727272727071e-01 7.727272727272727071e-01 1.904761904761904656e-01 1.904761904761904656e-01
7.826086956521739468e-01 7.727272727272727071e-01 7.727272727272727071e-01 1.904761904761904656e-01 1.904761904761904656e-01
2.173913043478260809e-01 7.727272727272727071e-01 7.727272727272727071e-01 1.904761904761904656e-01 1.904761904761904656e-01
7.826086956521739468e-01 7.727272727272727071e-01 7.727272727272727071e-01 1.904761904761904656e-01 1.904761904761904656e-01
2.173913043478260809e-01 7.727272727272727071e-01 7.727272727272727071e-01 1.904761904761904656e-01 1.904761904761904656e-01
2.173913043478260809e-01 7.727272727272727071e-01 7.727272727272727071e-01 1.904761904761904656e-01 1.904761904761904656e-01
7.826086956521739468e-01 7.727272727272727071e-01 8.181818181818182323e-01 8.571428571428570953e-01 8.571428571428570953e-01
7.826086956521739468e-01 7.727272727272727071e-01 8.181818181818182323e-01 9.047619047619047672e-01 8.095238095238095344e-01
7.826086956521739468e-01 7.727272727272727071e-01 8.181818181818182323e-01 9.047619047619047672e-01 8.095238095238095344e-01
7.826086956521739468e-01 7.727272727272727071e-01 8.181818181818182323e-01 9.047619047619047672e-01 8.095238095238095344e-01
7.826086956521739468e-01 7.727272727272727071e-01 8.181818181818182323e-01 9.047619047619047672e-01 8.095238095238095344e-01
7.826086956521739468e-01 7.727272727272727071e-01 8.181818181818182323e-01 9.047619047619047672e-01 8.095238095238095344e-01
7.826086956521739468e-01 7.727272727272727071e-01 8.181818181818182323e-01 9.047619047619047672e-01 8.095238095238095344e-01
7.826086956521739468e-01 7.727272727272727071e-01 8.181818181818182323e-01 9.047619047619047672e-01 8.095238095238095344e-01
7.826086956521739468e-01 7.727272727272727071e-01 8.181818181818182323e-01 9.047619047619047672e-01 8.095238095238095344e-01
7.826086956521739468e-01 7.727272727272727071e-01 8.181818181818182323e-01 9.047619047619047672e-01 8.095238095238095344e-01
7.826086956521739468e-01 7.727272727272727071e-01 8.181818181818182323e-01 9.047619047619047672e-01 8.095238095238095344e-01
7.826086956521739468e-01 7.727272727272727071e-01 8.181818181818182323e-01 9.047619047619047672e-01 8.095238095238095344e-01
7.826086956521739468e-01 7.727272727272727071e-01 8.181818181818182323e-01 9.047619047619047672e-01 8.095238095238095344e-01
7.826086956521739468e-01 7.727272727272727071e-01 8.181818181818182323e-01 9.047619047619047672e-01 8.095238095238095344e-01
7.826086956521739468e-01 7.727272727272727071e-01 8.181818181818182323e-01 9.047619047619047672e-01 8.095238095238095344e-01
7.826086956521739468e-01 7.727272727272727071e-01 8.181818181818182323e-01 9.047619047619047672e-01 8.095238095238095344e-01
7.826086956521739468e-01 7.727272727272727071e-01 8.181818181818182323e-01 9.047619047619047672e-01 8.095238095238095344e-01
7.826086956521739468e-01 7.727272727272727071e-01 8.181818181818182323e-01 9.047619047619047672e-01 8.095238095238095344e-01
7.826086956521739468e-01 7.727272727272727071e-01 8.181818181818182323e-01 9.047619047619047672e-01 8.095238095238095344e-01
7.826086956521739468e-01 7.727272727272727071e-01 8.181818181818182323e-01 9.047619047619047672e-01 8.095238095238095344e-01
7.826086956521739468e-01 7.727272727272727071e-01 8.181818181818182323e-01 9.047619047619047672e-01 8.095238095238095344e-01
2.173913043478260809e-01 7.727272727272727071e-01 7.727272727272727071e-01 1.904761904761904656e-01 1.904761904761904656e-01
8.260869565217391353e-01 7.727272727272727071e-01 7.727272727272727071e-01 8.095238095238095344e-01 8.095238095238095344e-01
2.173913043478260809e-01 7.727272727272727071e-01 7.727272727272727071e-01 1.904761904761904656e-01 1.904761904761904656e-01
2.173913043478260809e-01 7.727272727272727071e-01 7.727272727272727071e-01 1.904761904761904656e-01 1.904761904761904656e-01
2.173913043478260809e-01 7.727272727272727071e-01 7.727272727272727071e-01 1.904761904761904656e-01 1.904761904761904656e-01
7.826086956521739468e-01 7.727272727272727071e-01 7.727272727272727071e-01 1.904761904761904656e-01 1.904761904761904656e-01
2.173913043478260809e-01 7.727272727272727071e-01 7.727272727272727071e-01 1.904761904761904656e-01 1.904761904761904656e-01
7.826086956521739468e-01 7.727272727272727071e-01 7.727272727272727071e-01 1.904761904761904656e-01 1.904761904761904656e-01
2.173913043478260809e-01 7.727272727272727071e-01 7.727272727272727071e-01 1.904761904761904656e-01 1.904761904761904656e-01
7.826086956521739468e-01 7.727272727272727071e-01 7.727272727272727071e-01 1.904761904761904656e-01 1.904761904761904656e-01
7.826086956521739468e-01 7.727272727272727071e-01 7.727272727272727071e-01 1.904761904761904656e-01 1.904761904761904656e-01
2.173913043478260809e-01 7.727272727272727071e-01 7.727272727272727071e-01 1.904761904761904656e-01 1.904761904761904656e-01
7.826086956521739468e-01 7.727272727272727071e-01 7.727272727272727071e-01 1.904761904761904656e-01 1.904761904761904656e-01
7.826086956521739468e-01 7.727272727272727071e-01 7.727272727272727071e-01 1.904761904761904656e-01 1.904761904761904656e-01
7.826086956521739468e-01 7.727272727272727071e-01 7.727272727272727071e-01 1.904761904761904656e-01 1.904761904761904656e-01
7.826086956521739468e-01 7.727272727272727071e-01 7.727272727272727071e-01 1.904761904761904656e-01 1.904761904761904656e-01
2.173913043478260809e-01 7.727272727272727071e-01 7.727272727272727071e-01 1.904761904761904656e-01 1.904761904761904656e-01
7.826086956521739468e-01 7.727272727272727071e-01 7.727272727272727071e-01 1.904761904761904656e-01 1.904761904761904656e-01
2.173913043478260809e-01 7.727272727272727071e-01 7.727272727272727071e-01 1.904761904761904656e-01 1.904761904761904656e-01
2.173913043478260809e-01 7.727272727272727071e-01 7.727272727272727071e-01 1.904761904761904656e-01 1.904761904761904656e-01
7.826086956521739468e-01 7.727272727272727071e-01 7.727272727272727071e-01 8.095238095238095344e-01 8.095238095238095344e-01
7.826086956521739468e-01 7.727272727272727071e-01 7.727272727272727071e-01 8.095238095238095344e-01 8.095238095238095344e-01
7.826086956521739468e-01 7.727272727272727071e-01 7.727272727272727071e-01 8.095238095238095344e-01 8.095238095238095344e-01
7.826086956521739468e-01 7.727272727272727071e-01 7.727272727272727071e-01 8.095238095238095344e-01 8.095238095238095344e-01
7.826086956521739468e-01 7.727272727272727071e-01 7.727272727272727071e-01 8.095238095238095344e-01 8.095238095238095344e-01
7.826086956521739468e-01 7.727272727272727071e-01 7.727272727272727071e-01 8.095238095238095344e-01 8.095238095238095344e-01
7.826086956521739468e-01 7.727272727272727071e-01 7.727272727272727071e-01 8.095238095238095344e-01 8.095238095238095344e-01
7.826086956521739468e-01 7.727272727272727071e-01 7.727272727272727071e-01 8.095238095238095344e-01 8.095238095238095344e-01
7.826086956521739468e-01 7.727272727272727071e-01 7.727272727272727071e-01 8.095238095238095344e-01 8.095238095238095344e-01
7.826086956521739468e-01 7.727272727272727071e-01 7.727272727272727071e-01 8.095238095238095344e-01 8.095238095238095344e-01
7.826086956521739468e-01 7.727272727272727071e-01 7.727272727272727071e-01 8.095238095238095344e-01 8.095238095238095344e-01
7.826086956521739468e-01 7.727272727272727071e-01 7.727272727272727071e-01 8.095238095238095344e-01 8.095238095238095344e-01
7.826086956521739468e-01 7.727272727272727071e-01 7.727272727272727071e-01 8.095238095238095344e-01 8.095238095238095344e-01
7.826086956521739468e-01 7.727272727272727071e-01 7.727272727272727071e-01 8.095238095238095344e-01 8.095238095238095344e-01
7.826086956521739468e-01 7.727272727272727071e-01 7.727272727272727071e-01 8.095238095238095344e-01 8.095238095238095344e-01
7.826086956521739468e-01 7.727272727272727071e-01 7.727272727272727071e-01 8.095238095238095344e-01 8.095238095238095344e-01
7.826086956521739468e-01 7.727272727272727071e-01 7.727272727272727071e-01 8.095238095238095344e-01 8.095238095238095344e-01
7.826086956521739468e-01 7.727272727272727071e-01 7.727272727272727071e-01 8.095238095238095344e-01 8.095238095238095344e-01
7.826086956521739468e-01 7.727272727272727071e-01 7.727272727272727071e-01 8.095238095238095344e-01 8.095238095238095344e-01
7.826086956521739468e-01 7.727272727272727071e-01 7.727272727272727071e-01 8.095238095238095344e-01 8.095238095238095344e-01
7.826086956521739468e-01 7.727272727272727071e-01 7.727272727272727071e-01 8.095238095238095344e-01 8.095238095238095344e-01
2.173913043478260809e-01 7.727272727272727071e-01 7.727272727272727071e-01 1.904761904761904656e-01 1.904761904761904656e-01
8.260869565217391353e-01 7.727272727272727071e-01 7.727272727272727071e-01 8.095238095238095344e-01 8.095238095238095344e-01
2.173913043478260809e-01 7.727272727272727071e-01 7.727272727272727071e-01 1.904761904761904656e-01 1.904761904761904656e-01
2.173913043478260809e-01 7.727272727272727071e-01 7.727272727272727071e-01 1.904761904761904656e-01 1.904761904761904656e-01
2.173913043478260809e-01 7.727272727272727071e-01 7.727272727272727071e-01 1.904761904761904656e-01 1.904761904761904656e-01
7.826086956521739468e-01 7.727272727272727071e-01 7.727272727272727071e-01 1.904761904761904656e-01 1.904761904761904656e-01
2.173913043478260809e-01 7.727272727272727071e-01 7.727272727272727071e-01 1.904761904761904656e-01 1.904761904761904656e-01
7.826086956521739468e-01 7.727272727272727071e-01 7.727272727272727071e-01 1.904761904761904656e-01 1.904761904761904656e-01
2.173913043478260809e-01 7.727272727272727071e-01 7.727272727272727071e-01 1.904761904761904656e-01 1.904761904761904656e-01
7.826086956521739468e-01 7.727272727272727071e-01 7.727272727272727071e-01 1.904761904761904656e-01 1.904761904761904656e-01
7.826086956521739468e-01 7.727272727272727071e-01 7.727272727272727071e-01 1.904761904761904656e-01 1.904761904761904656e-01
2.173913043478260809e-01 7.727272727272727071e-01 7.727272727272727071e-01 1.904761904761904656e-01 1.904761904761904656e-01
7.826086956521739468e-01 7.727272727272727071e-01 7.727272727272727071e-01 1.904761904761904656e-01 1.904761904761904656e-01
7.826086956521739468e-01 7.727272727272727071e-01 7.727272727272727071e-01 1.904761904761904656e-01 1.904761904761904656e-01
7.826086956521739468e-01 7.727272727272727071e-01 7.727272727272727071e-01 1.904761904761904656e-01 1.904761904761904656e-01
7.826086956521739468e-01 7.727272727272727071e-01 7.727272727272727071e-01 1.904761904761904656e-01 1.904761904761904656e-01
2.173913043478260809e-01 7.727272727272727071e-01 7.727272727272727071e-01 1.904761904761904656e-01 1.904761904761904656e-01
7.826086956521739468e-01 7.727272727272727071e-01 7.727272727272727071e-01 1.904761904761904656e-01 1.904761904761904656e-01
2.173913043478260809e-01 7.727272727272727071e-01 7.727272727272727071e-01 1.904761904761904656e-01 1.904761904761904656e-01
2.173913043478260809e-01 7.727272727272727071e-01 7.727272727272727071e-01 1.904761904761904656e-01 1.904761904761904656e-01
7.826086956521739468e-01 7.727272727272727071e-01 7.727272727272727071e-01 8.095238095238095344e-01 8.095238095238095344e-01
7.826086956521739468e-01 7.727272727272727071e-01 7.727272727272727071e-01 8.095238095238095344e-01 8.095238095238095344e-01
7.826086956521739468e-01 7.727272727272727071e-01 7.727272727272727071e-01 8.095238095238095344e-01 8.095238095238095344e-01
7.826086956521739468e-01 7.727272727272727071e-01 7.727272727272727071e-01 8.095238095238095344e-01 8.095238095238095344e-01
7.826086956521739468e-01 7.727272727272727071e-01 7.727272727272727071e-01 8.095238095238095344e-01 8.095238095238095344e-01
7.826086956521739468e-01 7.727272727272727071e-01 7.727272727272727071e-01 8.095238095238095344e-01 8.095238095238095344e-01
7.826086956521739468e-01 7.727272727272727071e-01 7.727272727272727071e-01 8.095238095238095344e-01 8.095238095238095344e-01
7.826086956521739468e-01 7.727272727272727071e-01 7.727272727272727071e-01 8.095238095238095344e-01 8.095238095238095344e-01
7.826086956521739468e-01 7.727272727272727071e-01 7.727272727272727071e-01 8.095238095238095344e-01 8.095238095238095344e-01
7.826086956521739468e-01 7.727272727272727071e-01 7.727272727272727071e-01 8.095238095238095344e-01 8.095238095238095344e-01
7.826086956521739468e-01 7.727272727272727071e-01 7.727272727272727071e-01 8.095238095238095344e-01 8.095238095238095344e-01
7.826086956521739468e-01 7.727272727272727071e-01 7.727272727272727071e-01 8.095238095238095344e-01 8.095238095238095344e-01
7.826086956521739468e-01 7.727272727272727071e-01 7.727272727272727071e-01 8.095238095238095344e-01 8.095238095238095344e-01
7.826086956521739468e-01 7.727272727272727071e-01 7.727272727272727071e-01 8.095238095238095344e-01 8.095238095238095344e-01
7.826086956521739468e-01 7.727272727272727071e-01 7.727272727272727071e-01 8.095238095238095344e-01 8.095238095238095344e-01
7.826086956521739468e-01 7.727272727272727071e-01 7.727272727272727071e-01 8.095238095238095344e-01 8.095238095238095344e-01
7.826086956521739468e-01 7.727272727272727071e-01 7.727272727272727071e-01 8.095238095238095344e-01 8.095238095238095344e-01
7.826086956521739468e-01 7.727272727272727071e-01 7.727272727272727071e-01 8.095238095238095344e-01 8.095238095238095344e-01
7.826086956521739468e-01 7.727272727272727071e-01 7.727272727272727071e-01 8.095238095238095344e-01 8.095238095238095344e-01
7.826086956521739468e-01 7.727272727272727071e-01 7.727272727272727071e-01 8.095238095238095344e-01 8.095238095238095344e-01
7.826086956521739468e-01 7.727272727272727071e-01 7.727272727272727071e-01 8.095238095238095344e-01 8.095238095238095344e-01
2.173913043478260809e-01 7.727272727272727071e-01 7.727272727272727071e-01 1.904761904761904656e-01 1.904761904761904656e-01
8.695652173913043237e-01 7.727272727272727071e-01 7.727272727272727071e-01 8.095238095238095344e-01 8.095238095238095344e-01
2.173913043478260809e-01 7.727272727272727071e-01 7.727272727272727071e-01 1.904761904761904656e-01 1.904761904761904656e-01
2.173913043478260809e-01 7.727272727272727071e-01 7.727272727272727071e-01 1.904761904761904656e-01 1.904761904761904656e-01
2.173913043478260809e-01 7.727272727272727071e-01 7.727272727272727071e-01 1.904761904761904656e-01 1.904761904761904656e-01
7.826086956521739468e-01 7.727272727272727071e-01 7.727272727272727071e-01 1.904761904761904656e-01 1.904761904761904656e-01
2.173913043478260809e-01 7.727272727272727071e-01 7.727272727272727071e-01 1.904761904761904656e-01 1.904761904761904656e-01
7.826086956521739468e-01 7.727272727272727071e-01 7.727272727272727071e-01 1.904761904761904656e-01 1.904761904761904656e-01
2.173913043478260809e-01 7.727272727272727071e-01 7.727272727272727071e-01 1.904761904761904656e-01 1.904761904761904656e-01
7.826086956521739468e-01 7.727272727272727071e-01 7.727272727272727071e-01 1.904761904761904656e-01 1.904761904761904656e-01
7.826086956521739468e-01 7.727272727272727071e-01 7.727272727272727071e-01 1.904761904761904656e-01 1.904761904761904656e-01
2.173913043478260809e-01 7.727272727272727071e-01 7.727272727272727071e-01 1.904761904761904656e-01 1.904761904761904656e-01
7.826086956521739468e-01 7.727272727272727071e-01 7.727272727272727071e-01 1.904761904761904656e-01 1.904761904761904656e-01
7.826086956521739468e-01 7.727272727272727071e-01 7.727272727272727071e-01 1.904761904761904656e-01 1.904761904761904656e-01
7.826086956521739468e-01 7.727272727272727071e-01 7.727272727272727071e-01 1.904761904761904656e-01 1.904761904761904656e-01
7.826086956521739468e-01 7.727272727272727071e-01 7.727272727272727071e-01 1.904761904761904656e-01 1.904761904761904656e-01
2.173913043478260809e-01 7.727272727272727071e-01 7.727272727272727071e-01 1.904761904761904656e-01 1.904761904761904656e-01
7.826086956521739468e-01 7.727272727272727071e-01 7.727272727272727071e-01 1.904761904761904656e-01 1.904761904761904656e-01
2.173913043478260809e-01 7.727272727272727071e-01 7.727272727272727071e-01 1.904761904761904656e-01 1.904761904761904656e-01
2.173913043478260809e-01 7.727272727272727071e-01 7.727272727272727071e-01 1.904761904761904656e-01 1.904761904761904656e-01
7.826086956521739468e-01 7.727272727272727071e-01 7.727272727272727071e-01 8.095238095238095344e-01 8.095238095238095344e-01
7.826086956521739468e-01 7.727272727272727071e-01 7.727272727272727071e-01 8.095238095238095344e-01 8.095238095238095344e-01
7.826086956521739468e-01 7.727272727272727071e-01 7.727272727272727071e-01 8.095238095238095344e-01 8.095238095238095344e-01
7.826086956521739468e-01 7.727272727272727071e-01 7.727272727272727071e-01 8.095238095238095344e-01 8.095238095238095344e-01
7.826086956521739468e-01 7.727272727272727071e-01 7.727272727272727071e-01 8.095238095238095344e-01 8.095238095238095344e-01
7.826086956521739468e-01 7.727272727272727071e-01 7.727272727272727071e-01 8.095238095238095344e-01 8.095238095238095344e-01
7.826086956521739468e-01 7.727272727272727071e-01 7.727272727272727071e-01 8.095238095238095344e-01 8.095238095238095344e-01
7.826086956521739468e-01 7.727272727272727071e-01 7.727272727272727071e-01 8.095238095238095344e-01 8.095238095238095344e-01
7.826086956521739468e-01 7.727272727272727071e-01 7.727272727272727071e-01 8.095238095238095344e-01 8.095238095238095344e-01
7.826086956521739468e-01 7.727272727272727071e-01 7.727272727272727071e-01 8.095238095238095344e-01 8.095238095238095344e-01
7.826086956521739468e-01 7.727272727272727071e-01 7.727272727272727071e-01 8.095238095238095344e-01 8.095238095238095344e-01
7.826086956521739468e-01 7.727272727272727071e-01 7.727272727272727071e-01 8.095238095238095344e-01 8.095238095238095344e-01
7.826086956521739468e-01 7.727272727272727071e-01 7.727272727272727071e-01 8.095238095238095344e-01 8.095238095238095344e-01
7.826086956521739468e-01 7.727272727272727071e-01 7.727272727272727071e-01 8.095238095238095344e-01 8.095238095238095344e-01
7.826086956521739468e-01 7.727272727272727071e-01 7.727272727272727071e-01 8.095238095238095344e-01 8.095238095238095344e-01
7.826086956521739468e-01 7.727272727272727071e-01 7.727272727272727071e-01 8.095238095238095344e-01 8.095238095238095344e-01
7.826086956521739468e-01 7.727272727272727071e-01 7.727272727272727071e-01 8.095238095238095344e-01 8.095238095238095344e-01
7.826086956521739468e-01 7.727272727272727071e-01 7.727272727272727071e-01 8.095238095238095344e-01 8.095238095238095344e-01
7.826086956521739468e-01 7.727272727272727071e-01 7.727272727272727071e-01 8.095238095238095344e-01 8.095238095238095344e-01
7.826086956521739468e-01 7.727272727272727071e-01 7.727272727272727071e-01 8.095238095238095344e-01 8.095238095238095344e-01
7.826086956521739468e-01 7.727272727272727071e-01 7.727272727272727071e-01 8.095238095238095344e-01 8.095238095238095344e-01
2.173913043478260809e-01 7.727272727272727071e-01 7.727272727272727071e-01 1.904761904761904656e-01 1.904761904761904656e-01
8.695652173913043237e-01 7.727272727272727071e-01 7.727272727272727071e-01 8.095238095238095344e-01 8.095238095238095344e-01
2.173913043478260809e-01 7.727272727272727071e-01 7.727272727272727071e-01 1.904761904761904656e-01 1.904761904761904656e-01
2.173913043478260809e-01 7.727272727272727071e-01 7.727272727272727071e-01 1.904761904761904656e-01 1.904761904761904656e-01
2.173913043478260809e-01 7.727272727272727071e-01 7.727272727272727071e-01 1.904761904761904656e-01 1.904761904761904656e-01
7.826086956521739468e-01 7.727272727272727071e-01 7.727272727272727071e-01 1.904761904761904656e-01 1.904761904761904656e-01
2.173913043478260809e-01 7.727272727272727071e-01 7.727272727272727071e-01 1.904761904761904656e-01 1.904761904761904656e-01
7.826086956521739468e-01 7.727272727272727071e-01 7.727272727272727071e-01 1.904761904761904656e-01 1.904761904761904656e-01
2.173913043478260809e-01 7.727272727272727071e-01 7.727272727272727071e-01 1.904761904761904656e-01 1.904761904761904656e-01
7.826086956521739468e-01 7.727272727272727071e-01 7.727272727272727071e-01 1.904761904761904656e-01 1.904761904761904656e-01
7.826086956521739468e-01 7.727272727272727071e-01 7.727272727272727071e-01 1.904761904761904656e-01 1.904761904761904656e-01
2.173913043478260809e-01 7.727272727272727071e-01 7.727272727272727071e-01 1.904761904761904656e-01 1.904761904761904656e-01
7.826086956521739468e-01 7.727272727272727071e-01 7.727272727272727071e-01 1.904761904761904656e-01 1.904761904761904656e-01
7.826086956521739468e-01 7.727272727272727071e-01 7.727272727272727071e-01 1.904761904761904656e-01 1.904761904761904656e-01
7.826086956521739468e-01 7.727272727272727071e-01 7.727272727272727071e-01 1.904761904761904656e-01 1.904761904761904656e-01
7.826086956521739468e-01 7.727272727272727071e-01 7.727272727272727071e-01 1.904761904761904656e-01 1.904761904761904656e-01
2.173913043478260809e-01 7.727272727272727071e-01 7.727272727272727071e-01 1.904761904761904656e-01 1.904761904761904656e-01
7.826086956521739468e-01 7.727272727272727071e-01 7.727272727272727071e-01 1.904761904761904656e-01 1.904761904761904656e-01
2.173913043478260809e-01 7.727272727272727071e-01 7.727272727272727071e-01 1.904761904761904656e-01 1.904761904761904656e-01
2.173913043478260809e-01 7.727272727272727071e-01 7.727272727272727071e-01 1.904761904761904656e-01 1.904761904761904656e-01
7.826086956521739468e-01 7.727272727272727071e-01 7.727272727272727071e-01 8.095238095238095344e-01 8.095238095238095344e-01
7.826086956521739468e-01 7.727272727272727071e-01 7.727272727272727071e-01 8.095238095238095344e-01 8.095238095238095344e-01
7.826086956521739468e-01 7.727272727272727071e-01 7.727272727272727071e-01 8.095238095238095344e-01 8.095238095238095344e-01
7.826086956521739468e-01 7.727272727272727071e-01 7.727272727272727071e-01 8.095238095238095344e-01 8.095238095238095344e-01
7.826086956521739468e-01 7.727272727272727071e-01 7.727272727272727071e-01 8.095238095238095344e-01 8.095238095238095344e-01
7.826086956521739468e-01 7.727272727272727071e-01 7.727272727272727071e-01 8.095238095238095344e-01 8.095238095238095344e-01
7.826086956521739468e-01 7.727272727272727071e-01 7.727272727272727071e-01 8.095238095238095344e-01 8.095238095238095344e-01
7.826086956521739468e-01 7.727272727272727071e-01 7.727272727272727071e-01 8.095238095238095344e-01 8.095238095238095344e-01
7.826086956521739468e-01 7.727272727272727071e-01 7.727272727272727071e-01 8.095238095238095344e-01 8.095238095238095344e-01
7.826086956521739468e-01 7.727272727272727071e-01 7.727272727272727071e-01 8.095238095238095344e-01 8.095238095238095344e-01
7.826086956521739468e-01 7.727272727272727071e-01 7.727272727272727071e-01 8.095238095238095344e-01 8.095238095238095344e-01
7.826086956521739468e-01 7.727272727272727071e-01 7.727272727272727071e-01 8.095238095238095344e-01 8.095238095238095344e-01
7.826086956521739468e-01 7.727272727272727071e-01 7.727272727272727071e-01 8.095238095238095344e-01 8.095238095238095344e-01
7.826086956521739468e-01 7.727272727272727071e-01 7.727272727272727071e-01 8.095238095238095344e-01 8.095238095238095344e-01
7.826086956521739468e-01 7.727272727272727071e-01 7.727272727272727071e-01 8.095238095238095344e-01 8.095238095238095344e-01
7.826086956521739468e-01 7.727272727272727071e-01 7.727272727272727071e-01 8.095238095238095344e-01 8.095238095238095344e-01
7.826086956521739468e-01 7.727272727272727071e-01 7.727272727272727071e-01 8.095238095238095344e-01 8.095238095238095344e-01
7.826086956521739468e-01 7.727272727272727071e-01 7.727272727272727071e-01 8.095238095238095344e-01 8.095238095238095344e-01
7.826086956521739468e-01 7.727272727272727071e-01 7.727272727272727071e-01 8.095238095238095344e-01 8.095238095238095344e-01
7.826086956521739468e-01 7.727272727272727071e-01 7.727272727272727071e-01 8.095238095238095344e-01 8.095238095238095344e-01
7.826086956521739468e-01 7.727272727272727071e-01 7.727272727272727071e-01 8.095238095238095344e-01 8.095238095238095344e-01
2.173913043478260809e-01 7.727272727272727071e-01 7.727272727272727071e-01 1.904761904761904656e-01 1.904761904761904656e-01
8.695652173913043237e-01 7.727272727272727071e-01 7.727272727272727071e-01 8.095238095238095344e-01 8.095238095238095344e-01
2.173913043478260809e-01 7.727272727272727071e-01 7.727272727272727071e-01 1.904761904761904656e-01 1.904761904761904656e-01
2.173913043478260809e-01 7.727272727272727071e-01 7.727272727272727071e-01 1.904761904761904656e-01 1.904761904761904656e-01
2.173913043478260809e-01 7.727272727272727071e-01 7.727272727272727071e-01 1.904761904761904656e-01 1.904761904761904656e-01
7.826086956521739468e-01 7.727272727272727071e-01 7.727272727272727071e-01 1.904761904761904656e-01 1.904761904761904656e-01
2.173913043478260809e-01 7.727272727272727071e-01 7.727272727272727071e-01 1.904761904761904656e-01 1.904761904761904656e-01
7.826086956521739468e-01 7.727272727272727071e-01 7.727272727272727071e-01 1.904761904761904656e-01 1.904761904761904656e-01
2.173913043478260809e-01 7.727272727272727071e-01 7.727272727272727071e-01 1.904761904761904656e-01 1.904761904761904656e-01
7.826086956521739468e-01 7.727272727272727071e-01 7.727272727272727071e-01 1.904761904761904656e-01 1.904761904761904656e-01
7.826086956521739468e-01 7.727272727272727071e-01 7.727272727272727071e-01 1.904761904761904656e-01 1.904761904761904656e-01
2.173913043478260809e-01 7.727272727272727071e-01 7.727272727272727071e-01 1.904761904761904656e-01 1.904761904761904656e-01
7.826086956521739468e-01 7.727272727272727071e-01 7.727272727272727071e-01 1.904761904761904656e-01 1.904761904761904656e-01
7.826086956521739468e-01 7.727272727272727071e-01 7.727272727272727071e-01 1.904761904761904656e-01 1.904761904761904656e-01
7.826086956521739468e-01 7.727272727272727071e-01 7.727272727272727071e-01 1.904761904761904656e-01 1.904761904761904656e-01
7.826086956521739468e-01 7.727272727272727071e-01 7.727272727272727071e-01 1.904761904761904656e-01 1.904761904761904656e-01
2.173913043478260809e-01 7.727272727272727071e-01 7.727272727272727071e-01 1.904761904761904656e-01 1.904761904761904656e-01
7.826086956521739468e-01 7.727272727272727071e-01 7.727272727272727071e-01 1.904761904761904656e-01 1.904761904761904656e-01
2.173913043478260809e-01 7.727272727272727071e-01 7.727272727272727071e-01 1.904761904761904656e-01 1.904761904761904656e-01
2.173913043478260809e-01 7.727272727272727071e-01 7.727272727272727071e-01 1.904761904761904656e-01 1.904761904761904656e-01
7.826086956521739468e-01 7.727272727272727071e-01 7.727272727272727071e-01 8.095238095238095344e-01 8.095238095238095344e-01
7.826086956521739468e-01 7.727272727272727071e-01 7.727272727272727071e-01 8.095238095238095344e-01 8.095238095238095344e-01
7.826086956521739468e-01 7.727272727272727071e-01 7.727272727272727071e-01 8.095238095238095344e-01 8.095238095238095344e-01
7.826086956521739468e-01 7.727272727272727071e-01 7.727272727272727071e-01 8.095238095238095344e-01 8.095238095238095344e-01
7.826086956521739468e-01 7.727272727272727071e-01 7.727272727272727071e-01 8.095238095238095344e-01 8.095238095238095344e-01
7.826086956521739468e-01 7.727272727272727071e-01 7.727272727272727071e-01 8.095238095238095344e-01 8.095238095238095344e-01
7.826086956521739468e-01 7.727272727272727071e-01 7.727272727272727071e-01 8.095238095238095344e-01 8.095238095238095344e-01
7.826086956521739468e-01 7.727272727272727071e-01 7.727272727272727071e-01 8.095238095238095344e-01 8.095238095238095344e-01
7.826086956521739468e-01 7.727272727272727071e-01 7.727272727272727071e-01 8.095238095238095344e-01 8.095238095238095344e-01
7.826086956521739468e-01 7.727272727272727071e-01 7.727272727272727071e-01 8.095238095238095344e-01 8.095238095238095344e-01
7.826086956521739468e-01 7.727272727272727071e-01 7.727272727272727071e-01 8.095238095238095344e-01 8.095238095238095344e-01
7.826086956521739468e-01 7.727272727272727071e-01 7.727272727272727071e-01 8.095238095238095344e-01 8.095238095238095344e-01
7.826086956521739468e-01 7.727272727272727071e-01 7.727272727272727071e-01 8.095238095238095344e-01 8.095238095238095344e-01
7.826086956521739468e-01 7.727272727272727071e-01 7.727272727272727071e-01 8.095238095238095344e-01 8.095238095238095344e-01
7.826086956521739468e-01 7.727272727272727071e-01 7.727272727272727071e-01 8.095238095238095344e-01 8.095238095238095344e-01
7.826086956521739468e-01 7.727272727272727071e-01 7.727272727272727071e-01 8.095238095238095344e-01 8.095238095238095344e-01
7.826086956521739468e-01 7.727272727272727071e-01 7.727272727272727071e-01 8.095238095238095344e-01 8.095238095238095344e-01
7.826086956521739468e-01 7.727272727272727071e-01 7.727272727272727071e-01 8.095238095238095344e-01 8.095238095238095344e-01
7.826086956521739468e-01 7.727272727272727071e-01 7.727272727272727071e-01 8.095238095238095344e-01 8.095238095238095344e-01
7.826086956521739468e-01 7.727272727272727071e-01 7.727272727272727071e-01 8.095238095238095344e-01 8.095238095238095344e-01
7.826086956521739468e-01 7.727272727272727071e-01 7.727272727272727071e-01 8.095238095238095344e-01 8.095238095238095344e-01
2.173913043478260809e-01 7.727272727272727071e-01 7.727272727272727071e-01 1.904761904761904656e-01 1.904761904761904656e-01
8.695652173913043237e-01 7.727272727272727071e-01 7.727272727272727071e-01 8.095238095238095344e-01 8.095238095238095344e-01
2.173913043478260809e-01 7.727272727272727071e-01 7.727272727272727071e-01 1.904761904761904656e-01 1.904761904761904656e-01
2.173913043478260809e-01 7.727272727272727071e-01 7.727272727272727071e-01 1.904761904761904656e-01 1.904761904761904656e-01
2.173913043478260809e-01 7.727272727272727071e-01 7.727272727272727071e-01 1.904761904761904656e-01 1.904761904761904656e-01
7.826086956521739468e-01 7.727272727272727071e-01 7.727272727272727071e-01 1.904761904761904656e-01 1.904761904761904656e-01
2.173913043478260809e-01 7.727272727272727071e-01 7.727272727272727071e-01 1.904761904761904656e-01 1.904761904761904656e-01
7.826086956521739468e-01 7.727272727272727071e-01 7.727272727272727071e-01 1.904761904761904656e-01 1.904761904761904656e-01
2.173913043478260809e-01 7.727272727272727071e-01 7.727272727272727071e-01 1.904761904761904656e-01 1.904761904761904656e-01
7.826086956521739468e-01 7.727272727272727071e-01 7.727272727272727071e-01 1.904761904761904656e-01 1.904761904761904656e-01
7.826086956521739468e-01 7.727272727272727071e-01 7.727272727272727071e-01 1.904761904761904656e-01 1.904761904761904656e-01
2.173913043478260809e-01 7.727272727272727071e-01 7.727272727272727071e-01 1.904761904761904656e-01 1.904761904761904656e-01
7.826086956521739468e-01 7.727272727272727071e-01 7.727272727272727071e-01 1.904761904761904656e-01 1.904761904761904656e-01
7.826086956521739468e-01 7.727272727272727071e-01 7.727272727272727071e-01 1.904761904761904656e-01 1.904761904761904656e-01
7.826086956521739468e-01 7.727272727272727071e-01 7.727272727272727071e-01 1.904761904761904656e-01 1.904761904761904656e-01
7.826086956521739468e-01 7.727272727272727071e-01 7.727272727272727071e-01 1.904761904761904656e-01 1.904761904761904656e-01
2.173913043478260809e-01 7.727272727272727071e-01 7.727272727272727071e-01 1.904761904761904656e-01 1.904761904761904656e-01
7.826086956521739468e-01 7.727272727272727071e-01 7.727272727272727071e-01 1.904761904761904656e-01 1.904761904761904656e-01
2.173913043478260809e-01 7.727272727272727071e-01 7.727272727272727071e-01 1.904761904761904656e-01 1.904761904761904656e-01
2.173913043478260809e-01 7.727272727272727071e-01 7.727272727272727071e-01 1.904761904761904656e-01 1.904761904761904656e-01
7.826086956521739468e-01 7.727272727272727071e-01 7.727272727272727071e-01 8.095238095238095344e-01 8.095238095238095344e-01
7.826086956521739468e-01 7.727272727272727071e-01 7.727272727272727071e-01 8.095238095238095344e-01 8.095238095238095344e-01
7.826086956521739468e-01 7.727272727272727071e-01 7.727272727272727071e-01 8.095238095238095344e-01 8.095238095238095344e-01
7.826086956521739468e-01 7.727272727272727071e-01 7.727272727272727071e-01 8.095238095238095344e-01 8.095238095238095344e-01
7.826086956521739468e-01 7.727272727272727071e-01 7.727272727272727071e-01 8.095238095238095344e-01 8.095238095238095344e-01
7.826086956521739468e-01 7.727272727272727071e-01 7.727272727272727071e-01 8.095238095238095344e-01 8.095238095238095344e-01
7.826086956521739468e-01 7.727272727272727071e-01 7.727272727272727071e-01 8.095238095238095344e-01 8.095238095238095344e-01
7.826086956521739468e-01 7.727272727272727071e-01 7.727272727272727071e-01 8.095238095238095344e-01 8.095238095238095344e-01
7.826086956521739468e-01 7.727272727272727071e-01 7.727272727272727071e-01 8.095238095238095344e-01 8.095238095238095344e-01
7.826086956521739468e-01 7.727272727272727071e-01 7.727272727272727071e-01 8.095238095238095344e-01 8.095238095238095344e-01
7.826086956521739468e-01 7.727272727272727071e-01 7.727272727272727071e-01 8.095238095238095344e-01 8.095238095238095344e-01
7.826086956521739468e-01 7.727272727272727071e-01 7.727272727272727071e-01 8.095238095238095344e-01 8.095238095238095344e-01
7.826086956521739468e-01 7.727272727272727071e-01 7.727272727272727071e-01 8.095238095238095344e-01 8.095238095238095344e-01
7.826086956521739468e-01 7.727272727272727071e-01 7.727272727272727071e-01 8.095238095238095344e-01 8.095238095238095344e-01
7.826086956521739468e-01 7.727272727272727071e-01 7.727272727272727071e-01 8.095238095238095344e-01 8.095238095238095344e-01
7.826086956521739468e-01 7.727272727272727071e-01 7.727272727272727071e-01 8.095238095238095344e-01 8.095238095238095344e-01
7.826086956521739468e-01 7.727272727272727071e-01 7.727272727272727071e-01 8.095238095238095344e-01 8.095238095238095344e-01
7.826086956521739468e-01 7.727272727272727071e-01 7.727272727272727071e-01 8.095238095238095344e-01 8.095238095238095344e-01
7.826086956521739468e-01 7.727272727272727071e-01 7.727272727272727071e-01 8.095238095238095344e-01 8.095238095238095344e-01
7.826086956521739468e-01 7.727272727272727071e-01 7.727272727272727071e-01 8.095238095238095344e-01 8.095238095238095344e-01
7.826086956521739468e-01 7.727272727272727071e-01 7.727272727272727071e-01 8.095238095238095344e-01 8.095238095238095344e-01
2.173913043478260809e-01 7.727272727272727071e-01 7.727272727272727071e-01 1.904761904761904656e-01 1.904761904761904656e-01
8.695652173913043237e-01 7.727272727272727071e-01 7.727272727272727071e-01 8.095238095238095344e-01 8.095238095238095344e-01
2.173913043478260809e-01 7.727272727272727071e-01 7.727272727272727071e-01 1.904761904761904656e-01 1.904761904761904656e-01
2.173913043478260809e-01 7.727272727272727071e-01 7.727272727272727071e-01 1.904761904761904656e-01 1.904761904761904656e-01
2.173913043478260809e-01 7.727272727272727071e-01 7.727272727272727071e-01 1.904761904761904656e-01 1.904761904761904656e-01
7.826086956521739468e-01 7.727272727272727071e-01 7.727272727272727071e-01 1.904761904761904656e-01 1.904761904761904656e-01
2.173913043478260809e-01 7.727272727272727071e-01 7.727272727272727071e-01 1.904761904761904656e-01 1.904761904761904656e-01
7.826086956521739468e-01 7.727272727272727071e-01 7.727272727272727071e-01 1.904761904761904656e-01 1.904761904761904656e-01
2.173913043478260809e-01 7.727272727272727071e-01 7.727272727272727071e-01 1.904761904761904656e-01 1.904761904761904656e-01
7.826086956521739468e-01 7.727272727272727071e-01 7.727272727272727071e-01 1.904761904761904656e-01 1.904761904761904656e-01
7.826086956521739468e-01 7.727272727272727071e-01 7.727272727272727071e-01 1.904761904761904656e-01 1.904761904761904656e-01
2.173913043478260809e-01 7.727272727272727071e-01 7.727272727272727071e-01 1.904761904761904656e-01 1.904761904761904656e-01
7.826086956521739468e-01 7.727272727272727071e-01 7.727272727272727071e-01 1.904761904761904656e-01 1.904761904761904656e-01
7.826086956521739468e-01 7.727272727272727071e-01 7.727272727272727071e-01 1.904761904761904656e-01 1.904761904761904656e-01
7.826086956521739468e-01 7.727272727272727071e-01 7.727272727272727071e-01 1.904761904761904656e-01 1.904761904761904656e-01
7.826086956521739468e-01 7.727272727272727071e-01 7.727272727272727071e-01 1.904761904761904656e-01 1.904761904761904656e-01
2.173913043478260809e-01 7.727272727272727071e-01 7.727272727272727071e-01 1.904761904761904656e-01 1.904761904761904656e-01
7.826086956521739468e-01 7.727272727272727071e-01 7.727272727272727071e-01 1.904761904761904656e-01 1.904761904761904656e-01
2.173913043478260809e-01 7.727272727272727071e-01 7.727272727272727071e-01 1.904761904761904656e-01 1.904761904761904656e-01
2.173913043478260809e-01 7.727272727272727071e-01 7.727272727272727071e-01 1.904761904761904656e-01 1.904761904761904656e-01
7.826086956521739468e-01 7.727272727272727071e-01 7.727272727272727071e-01 8.095238095238095344e-01 8.095238095238095344e-01
7.826086956521739468e-01 7.727272727272727071e-01 7.727272727272727071e-01 8.095238095238095344e-01 8.095238095238095344e-01
7.826086956521739468e-01 7.727272727272727071e-01 7.727272727272727071e-01 8.095238095238095344e-01 8.095238095238095344e-01
7.826086956521739468e-01 7.727272727272727071e-01 7.727272727272727071e-01 8.095238095238095344e-01 8.095238095238095344e-01
7.826086956521739468e-01 7.727272727272727071e-01 7.727272727272727071e-01 8.095238095238095344e-01 8.095238095238095344e-01
7.826086956521739468e-01 7.727272727272727071e-01 7.727272727272727071e-01 8.095238095238095344e-01 8.095238095238095344e-01
7.826086956521739468e-01 7.727272727272727071e-01 7.727272727272727071e-01 8.095238095238095344e-01 8.095238095238095344e-01
7.826086956521739468e-01 7.727272727272727071e-01 7.727272727272727071e-01 8.095238095238095344e-01 8.095238095238095344e-01
7.826086956521739468e-01 7.727272727272727071e-01 7.727272727272727071e-01 8.095238095238095344e-01 8.095238095238095344e-01
7.826086956521739468e-01 7.727272727272727071e-01 7.727272727272727071e-01 8.095238095238095344e-01 8.095238095238095344e-01
7.826086956521739468e-01 7.727272727272727071e-01 7.727272727272727071e-01 8.095238095238095344e-01 8.095238095238095344e-01
7.826086956521739468e-01 7.727272727272727071e-01 7.727272727272727071e-01 8.095238095238095344e-01 8.095238095238095344e-01
7.826086956521739468e-01 7.727272727272727071e-01 7.727272727272727071e-01 8.095238095238095344e-01 8.095238095238095344e-01
7.826086956521739468e-01 7.727272727272727071e-01 7.727272727272727071e-01 8.095238095238095344e-01 8.095238095238095344e-01
7.826086956521739468e-01 7.727272727272727071e-01 7.727272727272727071e-01 8.095238095238095344e-01 8.095238095238095344e-01
7.826086956521739468e-01 7.727272727272727071e-01 7.727272727272727071e-01 8.095238095238095344e-01 8.095238095238095344e-01
7.826086956521739468e-01 7.727272727272727071e-01 7.727272727272727071e-01 8.095238095238095344e-01 8.095238095238095344e-01
7.826086956521739468e-01 7.727272727272727071e-01 7.727272727272727071e-01 8.095238095238095344e-01 8.095238095238095344e-01
7.826086956521739468e-01 7.727272727272727071e-01 7.727272727272727071e-01 8.095238095238095344e-01 8.095238095238095344e-01
7.826086956521739468e-01 7.727272727272727071e-01 7.727272727272727071e-01 8.095238095238095344e-01 8.095238095238095344e-01
7.826086956521739468e-01 7.727272727272727071e-01 7.727272727272727071e-01 8.095238095238095344e-01 8.095238095238095344e-01
2.173913043478260809e-01 7.727272727272727071e-01 7.727272727272727071e-01 1.904761904761904656e-01 1.904761904761904656e-01
8.260869565217391353e-01 7.727272727272727071e-01 7.727272727272727071e-01 8.095238095238095344e-01 8.095238095238095344e-01
2.173913043478260809e-01 7.727272727272727071e-01 7.727272727272727071e-01 1.904761904761904656e-01 1.904761904761904656e-01
2.173913043478260809e-01 7.727272727272727071e-01 7.727272727272727071e-01 1.904761904761904656e-01 1.904761904761904656e-01
2.173913043478260809e-01 7.727272727272727071e-01 7.727272727272727071e-01 1.904761904761904656e-01 1.904761904761904656e-01
7.826086956521739468e-01 7.727272727272727071e-01 7.727272727272727071e-01 1.904761904761904656e-01 1.904761904761904656e-01
2.173913043478260809e-01 7.727272727272727071e-01 7.727272727272727071e-01 1.904761904761904656e-01 1.904761904761904656e-01
7.826086956521739468e-01 7.727272727272727071e-01 7.727272727272727071e-01 1.904761904761904656e-01 1.904761904761904656e-01
2.173913043478260809e-01 7.727272727272727071e-01 7.727272727272727071e-01 1.904761904761904656e-01 1.904761904761904656e-01
7.826086956521739468e-01 7.727272727272727071e-01 7.727272727272727071e-01 1.904761904761904656e-01 1.904761904761904656e-01
7.826086956521739468e-01 7.727272727272727071e-01 7.727272727272727071e-01 1.904761904761904656e-01 1.904761904761904656e-01
2.173913043478260809e-01 7.727272727272727071e-01 7.727272727272727071e-01 1.904761904761904656e-01 1.904761904761904656e-01
7.826086956521739468e-01 7.727272727272727071e-01 7.727272727272727071e-01 1.904761904761904656e-01 1.904761904761904656e-01
7.826086956521739468e-01 7.727272727272727071e-01 7.727272727272727071e-01 1.904761904761904656e-01 1.904761904761904656e-01
7.826086956521739468e-01 7.727272727272727071e-01 7.727272727272727071e-01 1.904761904761904656e-01 1.904761904761904656e-01
7.826086956521739468e-01 7.727272727272727071e-01 7.727272727272727071e-01 1.904761904761904656e-01 1.904761904761904656e-01
2.173913043478260809e-01 7.727272727272727071e-01 7.727272727272727071e-01 1.904761904761904656e-01 1.904761904761904656e-01
7.826086956521739468e-01 7.727272727272727071e-01 7.727272727272727071e-01 1.904761904761904656e-01 1.904761904761904656e-01
2.173913043478260809e-01 7.727272727272727071e-01 7.727272727272727071e-01 1.904761904761904656e-01 1.904761904761904656e-01
2.173913043478260809e-01 7.727272727272727071e-01 7.727272727272727071e-01 1.904761904761904656e-01 1.904761904761904656e-01
7.826086956521739468e-01 7.727272727272727071e-01 7.727272727272727071e-01 8.095238095238095344e-01 8.095238095238095344e-01
7.826086956521739468e-01 7.727272727272727071e-01 7.727272727272727071e-01 8.095238095238095344e-01 8.095238095238095344e-01
7.826086956521739468e-01 7.727272727272727071e-01 7.727272727272727071e-01 8.095238095238095344e-01 8.095238095238095344e-01
7.826086956521739468e-01 7.727272727272727071e-01 7.727272727272727071e-01 8.095238095238095344e-01 8.095238095238095344e-01
7.826086956521739468e-01 7.727272727272727071e-01 7.727272727272727071e-01 8.095238095238095344e-01 8.095238095238095344e-01
7.826086956521739468e-01 7.727272727272727071e-01 7.727272727272727071e-01 8.095238095238095344e-01 8.095238095238095344e-01
7.826086956521739468e-01 7.727272727272727071e-01 7.727272727272727071e-01 8.095238095238095344e-01 8.095238095238095344e-01
7.826086956521739468e-01 7.727272727272727071e-01 7.727272727272727071e-01 8.095238095238095344e-01 8.095238095238095344e-01
7.826086956521739468e-01 7.727272727272727071e-01 7.727272727272727071e-01 8.095238095238095344e-01 8.095238095238095344e-01
7.826086956521739468e-01 7.727272727272727071e-01 7.727272727272727071e-01 8.095238095238095344e-01 8.095238095238095344e-01
7.826086956521739468e-01 7.727272727272727071e-01 7.727272727272727071e-01 8.095238095238095344e-01 8.095238095238095344e-01
7.826086956521739468e-01 7.727272727272727071e-01 7.727272727272727071e-01 8.095238095238095344e-01 8.095238095238095344e-01
7.826086956521739468e-01 7.727272727272727071e-01 7.727272727272727071e-01 8.095238095238095344e-01 8.095238095238095344e-01
7.826086956521739468e-01 7.727272727272727071e-01 7.727272727272727071e-01 8.095238095238095344e-01 8.095238095238095344e-01
7.826086956521739468e-01 7.727272727272727071e-01 7.727272727272727071e-01 8.095238095238095344e-01 8.095238095238095344e-01
7.826086956521739468e-01 7.727272727272727071e-01 7.727272727272727071e-01 8.095238095238095344e-01 8.095238095238095344e-01
7.826086956521739468e-01 7.727272727272727071e-01 7.727272727272727071e-01 8.095238095238095344e-01 8.095238095238095344e-01
7.826086956521739468e-01 7.727272727272727071e-01 7.727272727272727071e-01 8.095238095238095344e-01 8.095238095238095344e-01
7.826086956521739468e-01 7.727272727272727071e-01 7.727272727272727071e-01 8.095238095238095344e-01 8.095238095238095344e-01
7.826086956521739468e-01 7.727272727272727071e-01 7.727272727272727071e-01 8.095238095238095344e-01 8.095238095238095344e-01
7.826086956521739468e-01 7.727272727272727071e-01 7.727272727272727071e-01 8.095238095238095344e-01 8.095238095238095344e-01
2.173913043478260809e-01 7.727272727272727071e-01 7.727272727272727071e-01 1.904761904761904656e-01 1.904761904761904656e-01
7.826086956521739468e-01 7.727272727272727071e-01 7.727272727272727071e-01 8.095238095238095344e-01 8.095238095238095344e-01
2.173913043478260809e-01 7.727272727272727071e-01 7.727272727272727071e-01 1.904761904761904656e-01 1.904761904761904656e-01
2.173913043478260809e-01 7.727272727272727071e-01 7.727272727272727071e-01 1.904761904761904656e-01 1.904761904761904656e-01
2.173913043478260809e-01 7.727272727272727071e-01 7.727272727272727071e-01 1.904761904761904656e-01 1.904761904761904656e-01
7.826086956521739468e-01 7.727272727272727071e-01 7.727272727272727071e-01 1.904761904761904656e-01 1.904761904761904656e-01
2.173913043478260809e-01 7.727272727272727071e-01 7.727272727272727071e-01 1.904761904761904656e-01 1.904761904761904656e-01
7.826086956521739468e-01 7.727272727272727071e-01 7.727272727272727071e-01 1.904761904761904656e-01 1.904761904761904656e-01
2.173913043478260809e-01 7.727272727272727071e-01 7.727272727272727071e-01 1.904761904761904656e-01 1.904761904761904656e-01
7.826086956521739468e-01 7.727272727272727071e-01 7.727272727272727071e-01 1.904761904761904656e-01 1.904761904761904656e-01
7.826086956521739468e-01 7.727272727272727071e-01 7.727272727272727071e-01 1.904761904761904656e-01 1.904761904761904656e-01
2.173913043478260809e-01 7.727272727272727071e-01 7.727272727272727071e-01 1.904761904761904656e-01 1.904761904761904656e-01
7.826086956521739468e-01 7.727272727272727071e-01 7.727272727272727071e-01 1.904761904761904656e-01 1.904761904761904656e-01
7.826086956521739468e-01 7.727272727272727071e-01 7.727272727272727071e-01 1.904761904761904656e-01 1.904761904761904656e-01
7.826086956521739468e-01 7.727272727272727071e-01 7.727272727272727071e-01 1.904761904761904656e-01 1.904761904761904656e-01
7.826086956521739468e-01 7.727272727272727071e-01 7.727272727272727071e-01 1.904761904761904656e-01 1.904761904761904656e-01
2.173913043478260809e-01 7.727272727272727071e-01 7.727272727272727071e-01 1.904761904761904656e-01 1.904761904761904656e-01
7.826086956521739468e-01 7.727272727272727071e-01 7.727272727272727071e-01 1.904761904761904656e-01 1.904761904761904656e-01
2.173913043478260809e-01 7.727272727272727071e-01 7.727272727272727071e-01 1.904761904761904656e-01 1.904761904761904656e-01
2.173913043478260809e-01 7.727272727272727071e-01 7.727272727272727071e-01 1.904761904761904656e-01 1.904761904761904656e-01
7.826086956521739468e-01 7.727272727272727071e-01 7.727272727272727071e-01 8.095238095238095344e-01 8.095238095238095344e-01
7.826086956521739468e-01 7.727272727272727071e-01 7.727272727272727071e-01 8.095238095238095344e-01 8.095238095238095344e-01
7.826086956521739468e-01 7.727272727272727071e-01 7.727272727272727071e-01 8.095238095238095344e-01 8.095238095238095344e-01
7.826086956521739468e-01 7.727272727272727071e-01 7.727272727272727071e-01 8.095238095238095344e-01 8.095238095238095344e-01
7.826086956521739468e-01 7.727272727272727071e-01 7.727272727272727071e-01 8.095238095238095344e-01 8.095238095238095344e-01
7.826086956521739468e-01 7.727272727272727071e-01 7.727272727272727071e-01 8.095238095238095344e-01 8.095238095238095344e-01
7.826086956521739468e-01 7.727272727272727071e-01 7.727272727272727071e-01 8.095238095238095344e-01 8.095238095238095344e-01
7.826086956521739468e-01 7.727272727272727071e-01 7.727272727272727071e-01 8.095238095238095344e-01 8.095238095238095344e-01
7.826086956521739468e-01 7.727272727272727071e-01 7.727272727272727071e-01 8.095238095238095344e-01 8.095238095238095344e-01
7.826086956521739468e-01 7.727272727272727071e-01 7.727272727272727071e-01 8.095238095238095344e-01 8.095238095238095344e-01
7.826086956521739468e-01 7.727272727272727071e-01 7.727272727272727071e-01 8.095238095238095344e-01 8.095238095238095344e-01
7.826086956521739468e-01 7.727272727272727071e-01 7.727272727272727071e-01 8.095238095238095344e-01 8.095238095238095344e-01
7.826086956521739468e-01 7.727272727272727071e-01 7.727272727272727071e-01 8.095238095238095344e-01 8.095238095238095344e-01
7.826086956521739468e-01 7.727272727272727071e-01 7.727272727272727071e-01 8.095238095238095344e-01 8.095238095238095344e-01
7.826086956521739468e-01 7.727272727272727071e-01 7.727272727272727071e-01 8.095238095238095344e-01 8.095238095238095344e-01
7.826086956521739468e-01 7.727272727272727071e-01 7.727272727272727071e-01 8.095238095238095344e-01 8.095238095238095344e-01
7.826086956521739468e-01 7.727272727272727071e-01 7.727272727272727071e-01 8.095238095238095344e-01 8.095238095238095344e-01
7.826086956521739468e-01 7.727272727272727071e-01 7.727272727272727071e-01 8.095238095238095344e-01 8.095238095238095344e-01
7.826086956521739468e-01 7.727272727272727071e-01 7.727272727272727071e-01 8.095238095238095344e-01 8.095238095238095344e-01
7.826086956521739468e-01 7.727272727272727071e-01 7.727272727272727071e-01 8.095238095238095344e-01 8.095238095238095344e-01
7.826086956521739468e-01 7.727272727272727071e-01 7.727272727272727071e-01 8.095238095238095344e-01 8.095238095238095344e-01
2.173913043478260809e-01 7.727272727272727071e-01 7.727272727272727071e-01 1.904761904761904656e-01 1.904761904761904656e-01
7.826086956521739468e-01 7.727272727272727071e-01 7.727272727272727071e-01 8.095238095238095344e-01 8.095238095238095344e-01
2.173913043478260809e-01 7.727272727272727071e-01 7.727272727272727071e-01 1.904761904761904656e-01 1.904761904761904656e-01
2.173913043478260809e-01 7.727272727272727071e-01 7.727272727272727071e-01 1.904761904761904656e-01 1.904761904761904656e-01
2.173913043478260809e-01 7.727272727272727071e-01 7.727272727272727071e-01 1.904761904761904656e-01 1.904761904761904656e-01
7.826086956521739468e-01 7.727272727272727071e-01 7.727272727272727071e-01 1.904761904761904656e-01 1.904761904761904656e-01
2.173913043478260809e-01 7.727272727272727071e-01 7.727272727272727071e-01 1.904761904761904656e-01 1.904761904761904656e-01
7.826086956521739468e-01 7.727272727272727071e-01 7.727272727272727071e-01 1.904761904761904656e-01 1.904761904761904656e-01
2.173913043478260809e-01 7.727272727272727071e-01 7.727272727272727071e-01 1.904761904761904656e-01 1.904761904761904656e-01
7.826086956521739468e-01 7.727272727272727071e-01 7.727272727272727071e-01 1.904761904761904656e-01 1.904761904761904656e-01
7.826086956521739468e-01 7.727272727272727071e-01 7.727272727272727071e-01 1.904761904761904656e-01 1.904761904761904656e-01
2.173913043478260809e-01 7.727272727272727071e-01 7.727272727272727071e-01 1.904761904761904656e-01 1.904761904761904656e-01
7.826086956521739468e-01 7.727272727272727071e-01 7.727272727272727071e-01 1.904761904761904656e-01 1.904761904761904656e-01
7.826086956521739468e-01 7.727272727272727071e-01 7.727272727272727071e-01 1.904761904761904656e-01 1.904761904761904656e-01
7.826086956521739468e-01 7.727272727272727071e-01 7.727272727272727071e-01 1.904761904761904656e-01 1.904761904761904656e-01
7.826086956521739468e-01 7.727272727272727071e-01 7.727272727272727071e-01 1.904761904761904656e-01 1.904761904761904656e-01
2.173913043478260809e-01 7.727272727272727071e-01 7.727272727272727071e-01 1.904761904761904656e-01 1.904761904761904656e-01
7.826086956521739468e-01 7.727272727272727071e-01 7.727272727272727071e-01 1.904761904761904656e-01 1.904761904761904656e-01
2.173913043478260809e-01 7.727272727272727071e-01 7.727272727272727071e-01 1.904761904761904656e-01 1.904761904761904656e-01
2.173913043478260809e-01 7.727272727272727071e-01 7.727272727272727071e-01 1.904761904761904656e-01 1.904761904761904656e-01
7.826086956521739468e-01 7.727272727272727071e-01 7.727272727272727071e-01 8.095238095238095344e-01 8.095238095238095344e-01
7.826086956521739468e-01 7.727272727272727071e-01 7.727272727272727071e-01 8.095238095238095344e-01 8.095238095238095344e-01
7.826086956521739468e-01 7.727272727272727071e-01 7.727272727272727071e-01 8.095238095238095344e-01 8.095238095238095344e-01
7.826086956521739468e-01 7.727272727272727071e-01 7.727272727272727071e-01 8.095238095238095344e-01 8.095238095238095344e-01
7.826086956521739468e-01 7.727272727272727071e-01 7.727272727272727071e-01 8.095238095238095344e-01 8.095238095238095344e-01
7.826086956521739468e-01 7.727272727272727071e-01 7.727272727272727071e-01 8.095238095238095344e-01 8.095238095238095344e-01
7.826086956521739468e-01 7.727272727272727071e-01 7.727272727272727071e-01 8.095238095238095344e-01 8.095238095238095344e-01
7.826086956521739468e-01 7.727272727272727071e-01 7.727272727272727071e-01 8.095238095238095344e-01 8.095238095238095344e-01
7.826086956521739468e-01 7.727272727272727071e-01 7.727272727272727071e-01 8.095238095238095344e-01 8.095238095238095344e-01
7.826086956521739468e-01 7.727272727272727071e-01 7.727272727272727071e-01 8.095238095238095344e-01 8.095238095238095344e-01
7.826086956521739468e-01 7.727272727272727071e-01 7.727272727272727071e-01 8.095238095238095344e-01 8.095238095238095344e-01
7.826086956521739468e-01 7.727272727272727071e-01 7.727272727272727071e-01 8.095238095238095344e-01 8.095238095238095344e-01
7.826086956521739468e-01 7.727272727272727071e-01 7.727272727272727071e-01 8.095238095238095344e-01 8.095238095238095344e-01
7.826086956521739468e-01 7.727272727272727071e-01 7.727272727272727071e-01 8.095238095238095344e-01 8.095238095238095344e-01
7.826086956521739468e-01 7.727272727272727071e-01 7.727272727272727071e-01 8.095238095238095344e-01 8.095238095238095344e-01
7.826086956521739468e-01 7.727272727272727071e-01 7.727272727272727071e-01 8.095238095238095344e-01 8.095238095238095344e-01
7.826086956521739468e-01 7.727272727272727071e-01 7.727272727272727071e-01 8.095238095238095344e-01 8.095238095238095344e-01
7.826086956521739468e-01 7.727272727272727071e-01 7.727272727272727071e-01 8.095238095238095344e-01 8.095238095238095344e-01
7.826086956521739468e-01 7.727272727272727071e-01 7.727272727272727071e-01 8.095238095238095344e-01 8.095238095238095344e-01
7.826086956521739468e-01 7.727272727272727071e-01 7.727272727272727071e-01 8.095238095238095344e-01 8.095238095238095344e-01
7.826086956521739468e-01 7.727272727272727071e-01 7.727272727272727071e-01 8.095238095238095344e-01 8.095238095238095344e-01
