5.599088319088318944e-01
5.599088319088318944e-01
5.599088319088318944e-01
4.368319088319088661e-01
5.437948717948718480e-01
5.228717948717948039e-01
5.376866096866096401e-01
4.146096866096866118e-01
6.816866096866097680e-01
5.376866096866096401e-01
6.816866096866097680e-01
4.146096866096866118e-01
4.146096866096866118e-01
4.146096866096866118e-01
4.146096866096866118e-01
6.816866096866097680e-01
5.586096866096866842e-01
5.586096866096866842e-01
5.376866096866096401e-01
5.586096866096866842e-01
6.591794871794871558e-01
6.591794871794871558e-01
6.591794871794871558e-01
6.591794871794871558e-01
6.591794871794871558e-01
6.591794871794871558e-01
6.591794871794871558e-01
6.591794871794871558e-01
6.591794871794871558e-01
6.591794871794871558e-01
6.591794871794871558e-01
6.591794871794871558e-01
6.591794871794871558e-01
6.591794871794871558e-01
6.591794871794871558e-01
6.591794871794871558e-01
6.591794871794871558e-01
6.591794871794871558e-01
6.591794871794871558e-01
6.591794871794871558e-01
6.591794871794871558e-01
5.599088319088318944e-01
5.599088319088318944e-01
5.599088319088318944e-01
4.368319088319088661e-01
5.437948717948718480e-01
5.228717948717948039e-01
5.228717948717948039e-01
3.997948717948718311e-01
6.668717948717949318e-01
5.228717948717948039e-01
6.668717948717949318e-01
3.997948717948718311e-01
3.997948717948718311e-01
3.997948717948718311e-01
3.997948717948718311e-01
6.668717948717949318e-01
5.437948717948718480e-01
5.437948717948718480e-01
5.228717948717948039e-01
5.437948717948718480e-01
6.668717948717949318e-01
6.668717948717949318e-01
6.668717948717949318e-01
6.668717948717949318e-01
6.668717948717949318e-01
6.668717948717949318e-01
6.668717948717949318e-01
6.668717948717949318e-01
6.668717948717949318e-01
6.668717948717949318e-01
6.668717948717949318e-01
6.668717948717949318e-01
6.668717948717949318e-01
6.668717948717949318e-01
6.668717948717949318e-01
6.668717948717949318e-01
6.668717948717949318e-01
6.668717948717949318e-01
6.668717948717949318e-01
6.668717948717949318e-01
6.668717948717949318e-01
5.525014245014243652e-01
5.525014245014243652e-01
5.525014245014243652e-01
4.294245014245013925e-01
5.437948717948718480e-01
5.228717948717948039e-01
5.228717948717948039e-01
3.997948717948718311e-01
6.668717948717949318e-01
5.228717948717948039e-01
6.668717948717949318e-01
3.997948717948718311e-01
3.997948717948718311e-01
3.997948717948718311e-01
3.997948717948718311e-01
6.668717948717949318e-01
5.437948717948718480e-01
5.437948717948718480e-01
5.228717948717948039e-01
5.437948717948718480e-01
6.668717948717949318e-01
6.668717948717949318e-01
6.668717948717949318e-01
6.668717948717949318e-01
6.668717948717949318e-01
6.668717948717949318e-01
6.668717948717949318e-01
6.668717948717949318e-01
6.668717948717949318e-01
6.668717948717949318e-01
6.668717948717949318e-01
6.668717948717949318e-01
6.668717948717949318e-01
6.668717948717949318e-01
6.668717948717949318e-01
6.668717948717949318e-01
6.668717948717949318e-01
6.668717948717949318e-01
6.668717948717949318e-01
6.668717948717949318e-01
6.668717948717949318e-01
5.376866096866096401e-01
5.376866096866096401e-01
5.376866096866096401e-01
4.146096866096866118e-01
5.437948717948718480e-01
5.228717948717948039e-01
5.228717948717948039e-01
3.997948717948718311e-01
6.668717948717949318e-01
5.228717948717948039e-01
6.668717948717949318e-01
3.997948717948718311e-01
3.997948717948718311e-01
3.997948717948718311e-01
3.997948717948718311e-01
6.668717948717949318e-01
5.437948717948718480e-01
5.437948717948718480e-01
5.228717948717948039e-01
5.437948717948718480e-01
6.668717948717949318e-01
6.668717948717949318e-01
6.668717948717949318e-01
6.668717948717949318e-01
6.668717948717949318e-01
6.668717948717949318e-01
6.668717948717949318e-01
6.668717948717949318e-01
6.668717948717949318e-01
6.668717948717949318e-01
6.668717948717949318e-01
6.668717948717949318e-01
6.668717948717949318e-01
6.668717948717949318e-01
6.668717948717949318e-01
6.668717948717949318e-01
6.668717948717949318e-01
6.668717948717949318e-01
6.668717948717949318e-01
6.668717948717949318e-01
6.668717948717949318e-01
5.376866096866096401e-01
5.376866096866096401e-01
5.376866096866096401e-01
4.146096866096866118e-01
5.437948717948718480e-01
5.228717948717948039e-01
5.228717948717948039e-01
3.997948717948718311e-01
6.668717948717949318e-01
5.228717948717948039e-01
6.668717948717949318e-01
3.997948717948718311e-01
3.997948717948718311e-01
3.997948717948718311e-01
3.997948717948718311e-01
6.668717948717949318e-01
5.437948717948718480e-01
5.437948717948718480e-01
5.228717948717948039e-01
5.437948717948718480e-01
6.668717948717949318e-01
6.668717948717949318e-01
6.668717948717949318e-01
6.668717948717949318e-01
6.668717948717949318e-01
6.668717948717949318e-01
6.668717948717949318e-01
6.668717948717949318e-01
6.668717948717949318e-01
6.668717948717949318e-01
6.668717948717949318e-01
6.668717948717949318e-01
6.668717948717949318e-01
6.668717948717949318e-01
6.668717948717949318e-01
6.668717948717949318e-01
6.668717948717949318e-01
6.668717948717949318e-01
6.668717948717949318e-01
6.668717948717949318e-01
6.668717948717949318e-01
5.376866096866096401e-01
5.376866096866096401e-01
5.376866096866096401e-01
4.146096866096866118e-01
5.437948717948718480e-01
5.228717948717948039e-01
5.228717948717948039e-01
3.997948717948718311e-01
6.668717948717949318e-01
5.228717948717948039e-01
6.668717948717949318e-01
3.997948717948718311e-01
3.997948717948718311e-01
3.997948717948718311e-01
3.997948717948718311e-01
6.668717948717949318e-01
5.437948717948718480e-01
5.437948717948718480e-01
5.228717948717948039e-01
5.437948717948718480e-01
6.668717948717949318e-01
6.668717948717949318e-01
6.668717948717949318e-01
6.668717948717949318e-01
6.668717948717949318e-01
6.668717948717949318e-01
6.668717948717949318e-01
6.668717948717949318e-01
6.668717948717949318e-01
6.668717948717949318e-01
6.668717948717949318e-01
6.668717948717949318e-01
6.668717948717949318e-01
6.668717948717949318e-01
6.668717948717949318e-01
6.668717948717949318e-01
6.668717948717949318e-01
6.668717948717949318e-01
6.668717948717949318e-01
6.668717948717949318e-01
6.668717948717949318e-01
5.376866096866096401e-01
5.376866096866096401e-01
5.376866096866096401e-01
4.146096866096866118e-01
5.437948717948718480e-01
5.228717948717948039e-01
5.228717948717948039e-01
3.997948717948718311e-01
6.668717948717949318e-01
5.228717948717948039e-01
6.668717948717949318e-01
3.997948717948718311e-01
3.997948717948718311e-01
3.997948717948718311e-01
3.997948717948718311e-01
6.668717948717949318e-01
5.437948717948718480e-01
5.437948717948718480e-01
5.228717948717948039e-01
5.437948717948718480e-01
6.668717948717949318e-01
6.668717948717949318e-01
6.668717948717949318e-01
6.668717948717949318e-01
6.668717948717949318e-01
6.668717948717949318e-01
6.668717948717949318e-01
6.668717948717949318e-01
6.668717948717949318e-01
6.668717948717949318e-01
6.668717948717949318e-01
6.668717948717949318e-01
6.668717948717949318e-01
6.668717948717949318e-01
6.668717948717949318e-01
6.668717948717949318e-01
6.668717948717949318e-01
6.668717948717949318e-01
6.668717948717949318e-01
6.668717948717949318e-01
6.668717948717949318e-01
5.376866096866096401e-01
5.376866096866096401e-01
5.376866096866096401e-01
4.146096866096866118e-01
5.437948717948718480e-01
5.228717948717948039e-01
5.228717948717948039e-01
3.997948717948718311e-01
6.668717948717949318e-01
5.228717948717948039e-01
6.668717948717949318e-01
3.997948717948718311e-01
3.997948717948718311e-01
3.997948717948718311e-01
3.997948717948718311e-01
6.668717948717949318e-01
5.437948717948718480e-01
5.437948717948718480e-01
5.228717948717948039e-01
5.437948717948718480e-01
6.668717948717949318e-01
6.668717948717949318e-01
6.668717948717949318e-01
6.668717948717949318e-01
6.668717948717949318e-01
6.668717948717949318e-01
6.668717948717949318e-01
6.668717948717949318e-01
6.668717948717949318e-01
6.668717948717949318e-01
6.668717948717949318e-01
6.668717948717949318e-01
6.668717948717949318e-01
6.668717948717949318e-01
6.668717948717949318e-01
6.668717948717949318e-01
6.668717948717949318e-01
6.668717948717949318e-01
6.668717948717949318e-01
6.668717948717949318e-01
6.668717948717949318e-01
4.784273504273503508e-01
4.784273504273503508e-01
4.858347578347578244e-01
3.627578347578347961e-01
5.437948717948718480e-01
5.228717948717948039e-01
5.228717948717948039e-01
3.997948717948718311e-01
6.668717948717949318e-01
5.228717948717948039e-01
6.668717948717949318e-01
3.997948717948718311e-01
3.997948717948718311e-01
3.997948717948718311e-01
3.997948717948718311e-01
6.668717948717949318e-01
5.437948717948718480e-01
5.437948717948718480e-01
5.228717948717948039e-01
5.437948717948718480e-01
6.668717948717949318e-01
6.668717948717949318e-01
6.668717948717949318e-01
6.668717948717949318e-01
6.668717948717949318e-01
6.668717948717949318e-01
6.668717948717949318e-01
6.668717948717949318e-01
6.668717948717949318e-01
6.668717948717949318e-01
6.668717948717949318e-01
6.668717948717949318e-01
6.668717948717949318e-01
6.668717948717949318e-01
6.668717948717949318e-01
6.668717948717949318e-01
6.668717948717949318e-01
6.668717948717949318e-01
6.668717948717949318e-01
6.668717948717949318e-01
6.668717948717949318e-01
4.562051282051282075e-01
4.562051282051282075e-01
4.562051282051282075e-01
3.331282051282051238e-01
5.437948717948718480e-01
5.228717948717948039e-01
5.228717948717948039e-01
3.997948717948718311e-01
6.668717948717949318e-01
5.228717948717948039e-01
6.668717948717949318e-01
3.997948717948718311e-01
3.997948717948718311e-01
3.997948717948718311e-01
3.997948717948718311e-01
6.668717948717949318e-01
5.437948717948718480e-01
5.437948717948718480e-01
5.228717948717948039e-01
5.437948717948718480e-01
6.668717948717949318e-01
6.668717948717949318e-01
6.668717948717949318e-01
6.668717948717949318e-01
6.668717948717949318e-01
6.668717948717949318e-01
6.668717948717949318e-01
6.668717948717949318e-01
6.668717948717949318e-01
6.668717948717949318e-01
6.668717948717949318e-01
6.668717948717949318e-01
6.668717948717949318e-01
6.668717948717949318e-01
6.668717948717949318e-01
6.668717948717949318e-01
6.668717948717949318e-01
6.668717948717949318e-01
6.668717948717949318e-01
6.668717948717949318e-01
6.668717948717949318e-01
4.562051282051282075e-01
4.562051282051282075e-01
4.562051282051282075e-01
3.331282051282051238e-01
5.437948717948718480e-01
5.228717948717948039e-01
5.228717948717948039e-01
3.997948717948718311e-01
6.668717948717949318e-01
5.228717948717948039e-01
6.668717948717949318e-01
3.997948717948718311e-01
3.997948717948718311e-01
3.997948717948718311e-01
3.997948717948718311e-01
6.668717948717949318e-01
5.437948717948718480e-01
5.437948717948718480e-01
5.228717948717948039e-01
5.437948717948718480e-01
6.668717948717949318e-01
6.668717948717949318e-01
6.668717948717949318e-01
6.668717948717949318e-01
6.668717948717949318e-01
6.668717948717949318e-01
6.668717948717949318e-01
6.668717948717949318e-01
6.668717948717949318e-01
6.668717948717949318e-01
6.668717948717949318e-01
6.668717948717949318e-01
6.668717948717949318e-01
6.668717948717949318e-01
6.668717948717949318e-01
6.668717948717949318e-01
6.668717948717949318e-01
6.668717948717949318e-01
6.668717948717949318e-01
6.668717948717949318e-01
6.668717948717949318e-01
