8.518518518518518601e-01 6.538461538461538547e-01 6.538461538461538547e-01 3.200000000000000067e-01 3.200000000000000067e-01
8.518518518518518601e-01 6.538461538461538547e-01 6.538461538461538547e-01 3.200000000000000067e-01 3.200000000000000067e-01
8.518518518518518601e-01 6.538461538461538547e-01 6.538461538461538547e-01 3.200000000000000067e-01 3.200000000000000067e-01
8.518518518518518601e-01 3.461538461538461453e-01 3.461538461538461453e-01 3.200000000000000067e-01 3.200000000000000067e-01
6.666666666666666297e-01 3.461538461538461453e-01 3.461538461538461453e-01 6.800000000000000488e-01 6.800000000000000488e-01
6.666666666666666297e-01 6.538461538461538547e-01 6.538461538461538547e-01 3.200000000000000067e-01 3.200000000000000067e-01
7.407407407407406996e-01 6.538461538461538547e-01 6.538461538461538547e-01 3.200000000000000067e-01 3.200000000000000067e-01
7.407407407407406996e-01 3.461538461538461453e-01 3.461538461538461453e-01 3.200000000000000067e-01 3.200000000000000067e-01
7.407407407407406996e-01 6.538461538461538547e-01 6.538461538461538547e-01 6.800000000000000488e-01 6.800000000000000488e-01
7.407407407407406996e-01 6.538461538461538547e-01 6.538461538461538547e-01 3.200000000000000067e-01 3.200000000000000067e-01
7.407407407407406996e-01 6.538461538461538547e-01 6.538461538461538547e-01 6.800000000000000488e-01 6.800000000000000488e-01
7.407407407407406996e-01 3.461538461538461453e-01 3.461538461538461453e-01 3.200000000000000067e-01 3.200000000000000067e-01
7.407407407407406996e-01 3.461538461538461453e-01 3.461538461538461453e-01 3.200000000000000067e-01 3.200000000000000067e-01
7.407407407407406996e-01 3.461538461538461453e-01 3.461538461538461453e-01 3.200000000000000067e-01 3.200000000000000067e-01
7.407407407407406996e-01 3.461538461538461453e-01 3.461538461538461453e-01 3.200000000000000067e-01 3.200000000000000067e-01
7.407407407407406996e-01 6.538461538461538547e-01 6.538461538461538547e-01 6.800000000000000488e-01 6.800000000000000488e-01
7.407407407407406996e-01 3.461538461538461453e-01 3.461538461538461453e-01 6.800000000000000488e-01 6.800000000000000488e-01
7.407407407407406996e-01 3.461538461538461453e-01 3.461538461538461453e-01 6.800000000000000488e-01 6.800000000000000488e-01
7.407407407407406996e-01 6.538461538461538547e-01 6.538461538461538547e-01 3.200000000000000067e-01 3.200000000000000067e-01
7.407407407407406996e-01 3.461538461538461453e-01 3.461538461538461453e-01 6.800000000000000488e-01 6.800000000000000488e-01
6.666666666666666297e-01 6.538461538461538547e-01 6.153846153846154188e-01 6.800000000000000488e-01 6.800000000000000488e-01
6.666666666666666297e-01 6.538461538461538547e-01 6.153846153846154188e-01 6.800000000000000488e-01 6.800000000000000488e-01
6.666666666666666297e-01 6.538461538461538547e-01 6.153846153846154188e-01 6.800000000000000488e-01 6.800000000000000488e-01
6.666666666666666297e-01 6.538461538461538547e-01 6.153846153846154188e-01 6.800000000000000488e-01 6.800000000000000488e-01
6.666666666666666297e-01 6.538461538461538547e-01 6.153846153846154188e-01 6.800000000000000488e-01 6.800000000000000488e-01
6.666666666666666297e-01 6.538461538461538547e-01 6.153846153846154188e-01 6.800000000000000488e-01 6.800000000000000488e-01
6.666666666666666297e-01 6.538461538461538547e-01 6.153846153846154188e-01 6.800000000000000488e-01 6.800000000000000488e-01
6.666666666666666297e-01 6.538461538461538547e-01 6.153846153846154188e-01 6.800000000000000488e-01 6.800000000000000488e-01
6.666666666666666297e-01 6.538461538461538547e-01 6.153846153846154188e-01 6.800000000000000488e-01 6.800000000000000488e-01
6.666666666666666297e-01 6.538461538461538547e-01 6.153846153846154188e-01 6.800000000000000488e-01 6.800000000000000488e-01
6.666666666666666297e-01 6.538461538461538547e-01 6.153846153846154188e-01 6.800000000000000488e-01 6.800000000000000488e-01
6.666666666666666297e-01 6.538461538461538547e-01 6.153846153846154188e-01 6.800000000000000488e-01 6.800000000000000488e-01
6.666666666666666297e-01 6.538461538461538547e-01 6.153846153846154188e-01 6.800000000000000488e-01 6.800000000000000488e-01
6.666666666666666297e-01 6.538461538461538547e-01 6.153846153846154188e-01 6.800000000000000488e-01 6.800000000000000488e-01
6.666666666666666297e-01 6.538461538461538547e-01 6.153846153846154188e-01 6.800000000000000488e-01 6.800000000000000488e-01
6.666666666666666297e-01 6.538461538461538547e-01 6.153846153846154188e-01 6.800000000000000488e-01 6.800000000000000488e-01
6.666666666666666297e-01 6.538461538461538547e-01 6.153846153846154188e-01 6.800000000000000488e-01 6.800000000000000488e-01
6.666666666666666297e-01 6.538461538461538547e-01 6.153846153846154188e-01 6.800000000000000488e-01 6.800000000000000488e-01
6.666666666666666297e-01 6.538461538461538547e-01 6.153846153846154188e-01 6.800000000000000488e-01 6.800000000000000488e-01
6.666666666666666297e-01 6.538461538461538547e-01 6.153846153846154188e-01 6.800000000000000488e-01 6.800000000000000488e-01
6.666666666666666297e-01 6.538461538461538547e-01 6.153846153846154188e-01 6.800000000000000488e-01 6.800000000000000488e-01
8.518518518518518601e-01 6.538461538461538547e-01 6.538461538461538547e-01 3.200000000000000067e-01 3.200000000000000067e-01
8.518518518518518601e-01 6.538461538461538547e-01 6.538461538461538547e-01 3.200000000000000067e-01 3.200000000000000067e-01
8.518518518518518601e-01 6.538461538461538547e-01 6.538461538461538547e-01 3.200000000000000067e-01 3.200000000000000067e-01
8.518518518518518601e-01 3.461538461538461453e-01 3.461538461538461453e-01 3.200000000000000067e-01 3.200000000000000067e-01
6.666666666666666297e-01 3.461538461538461453e-01 3.461538461538461453e-01 6.800000000000000488e-01 6.800000000000000488e-01
6.666666666666666297e-01 6.538461538461538547e-01 6.538461538461538547e-01 3.200000000000000067e-01 3.200000000000000067e-01
6.666666666666666297e-01 6.538461538461538547e-01 6.538461538461538547e-01 3.200000000000000067e-01 3.200000000000000067e-01
6.666666666666666297e-01 3.461538461538461453e-01 3.461538461538461453e-01 3.200000000000000067e-01 3.200000000000000067e-01
6.666666666666666297e-01 6.538461538461538547e-01 6.538461538461538547e-01 6.800000000000000488e-01 6.800000000000000488e-01
6.666666666666666297e-01 6.538461538461538547e-01 6.538461538461538547e-01 3.200000000000000067e-01 3.200000000000000067e-01
6.666666666666666297e-01 6.538461538461538547e-01 6.538461538461538547e-01 6.800000000000000488e-01 6.800000000000000488e-01
6.666666666666666297e-01 3.461538461538461453e-01 3.461538461538461453e-01 3.200000000000000067e-01 3.200000000000000067e-01
6.666666666666666297e-01 3.461538461538461453e-01 3.461538461538461453e-01 3.200000000000000067e-01 3.200000000000000067e-01
6.666666666666666297e-01 3.461538461538461453e-01 3.461538461538461453e-01 3.200000000000000067e-01 3.200000000000000067e-01
6.666666666666666297e-01 3.461538461538461453e-01 3.461538461538461453e-01 3.200000000000000067e-01 3.200000000000000067e-01
6.666666666666666297e-01 6.538461538461538547e-01 6.538461538461538547e-01 6.800000000000000488e-01 6.800000000000000488e-01
6.666666666666666297e-01 3.461538461538461453e-01 3.461538461538461453e-01 6.800000000000000488e-01 6.800000000000000488e-01
6.666666666666666297e-01 3.461538461538461453e-01 3.461538461538461453e-01 6.800000000000000488e-01 6.800000000000000488e-01
6.666666666666666297e-01 6.538461538461538547e-01 6.538461538461538547e-01 3.200000000000000067e-01 3.200000000000000067e-01
6.666666666666666297e-01 3.461538461538461453e-01 3.461538461538461453e-01 6.800000000000000488e-01 6.800000000000000488e-01
6.666666666666666297e-01 6.538461538461538547e-01 6.538461538461538547e-01 6.800000000000000488e-01 6.800000000000000488e-01
6.666666666666666297e-01 6.538461538461538547e-01 6.538461538461538547e-01 6.800000000000000488e-01 6.800000000000000488e-01
6.666666666666666297e-01 6.538461538461538547e-01 6.538461538461538547e-01 6.800000000000000488e-01 6.800000000000000488e-01
6.666666666666666297e-01 6.538461538461538547e-01 6.538461538461538547e-01 6.800000000000000488e-01 6.800000000000000488e-01
6.666666666666666297e-01 6.538461538461538547e-01 6.538461538461538547e-01 6.800000000000000488e-01 6.800000000000000488e-01
6.666666666666666297e-01 6.538461538461538547e-01 6.538461538461538547e-01 6.800000000000000488e-01 6.800000000000000488e-01
6.666666666666666297e-01 6.538461538461538547e-01 6.538461538461538547e-01 6.800000000000000488e-01 6.800000000000000488e-01
6.666666666666666297e-01 6.538461538461538547e-01 6.538461538461538547e-01 6.800000000000000488e-01 6.800000000000000488e-01
6.666666666666666297e-01 6.538461538461538547e-01 6.538461538461538547e-01 6.800000000000000488e-01 6.800000000000000488e-01
6.666666666666666297e-01 6.538461538461538547e-01 6.538461538461538547e-01 6.800000000000000488e-01 6.800000000000000488e-01
6.666666666666666297e-01 6.538461538461538547e-01 6.538461538461538547e-01 6.800000000000000488e-01 6.800000000000000488e-01
6.666666666666666297e-01 6.538461538461538547e-01 6.538461538461538547e-01 6.800000000000000488e-01 6.800000000000000488e-01
6.666666666666666297e-01 6.538461538461538547e-01 6.538461538461538547e-01 6.800000000000000488e-01 6.800000000000000488e-01
6.666666666666666297e-01 6.538461538461538547e-01 6.538461538461538547e-01 6.800000000000000488e-01 6.800000000000000488e-01
6.666666666666666297e-01 6.538461538461538547e-01 6.538461538461538547e-01 6.800000000000000488e-01 6.800000000000000488e-01
6.666666666666666297e-01 6.538461538461538547e-01 6.538461538461538547e-01 6.800000000000000488e-01 6.800000000000000488e-01
6.666666666666666297e-01 6.538461538461538547e-01 6.538461538461538547e-01 6.800000000000000488e-01 6.800000000000000488e-01
6.666666666666666297e-01 6.538461538461538547e-01 6.538461538461538547e-01 6.800000000000000488e-01 6.800000000000000488e-01
6.666666666666666297e-01 6.538461538461538547e-01 6.538461538461538547e-01 6.800000000000000488e-01 6.800000000000000488e-01
6.666666666666666297e-01 6.538461538461538547e-01 6.538461538461538547e-01 6.800000000000000488e-01 6.800000000000000488e-01
6.666666666666666297e-01 6.538461538461538547e-01 6.538461538461538547e-01 6.800000000000000488e-01 6.800000000000000488e-01
8.148148148148147696e-01 6.538461538461538547e-01 6.538461538461538547e-01 3.200000000000000067e-01 3.200000000000000067e-01
8.148148148148147696e-01 6.538461538461538547e-01 6.538461538461538547e-01 3.200000000000000067e-01 3.200000000000000067e-01
8.148148148148147696e-01 6.538461538461538547e-01 6.538461538461538547e-01 3.200000000000000067e-01 3.200000000000000067e-01
8.148148148148147696e-01 3.461538461538461453e-01 3.461538461538461453e-01 3.200000000000000067e-01 3.200000000000000067e-01
6.666666666666666297e-01 3.461538461538461453e-01 3.461538461538461453e-01 6.800000000000000488e-01 6.800000000000000488e-01
6.666666666666666297e-01 6.538461538461538547e-01 6.538461538461538547e-01 3.200000000000000067e-01 3.200000000000000067e-01
6.666666666666666297e-01 6.538461538461538547e-01 6.538461538461538547e-01 3.200000000000000067e-01 3.200000000000000067e-01
6.666666666666666297e-01 3.461538461538461453e-01 3.461538461538461453e-01 3.200000000000000067e-01 3.200000000000000067e-01
6.666666666666666297e-01 6.538461538461538547e-01 6.538461538461538547e-01 6.800000000000000488e-01 6.800000000000000488e-01
6.666666666666666297e-01 6.538461538461538547e-01 6.538461538461538547e-01 3.200000000000000067e-01 3.200000000000000067e-01
6.666666666666666297e-01 6.538461538461538547e-01 6.538461538461538547e-01 6.800000000000000488e-01 6.800000000000000488e-01
6.666666666666666297e-01 3.461538461538461453e-01 3.461538461538461453e-01 3.200000000000000067e-01 3.200000000000000067e-01
6.666666666666666297e-01 3.461538461538461453e-01 3.461538461538461453e-01 3.200000000000000067e-01 3.200000000000000067e-01
6.666666666666666297e-01 3.461538461538461453e-01 3.461538461538461453e-01 3.200000000000000067e-01 3.200000000000000067e-01
6.666666666666666297e-01 3.461538461538461453e-01 3.461538461538461453e-01 3.200000000000000067e-01 3.200000000000000067e-01
6.666666666666666297e-01 6.538461538461538547e-01 6.538461538461538547e-01 6.800000000000000488e-01 6.800000000000000488e-01
6.666666666666666297e-01 3.461538461538461453e-01 3.461538461538461453e-01 6.800000000000000488e-01 6.800000000000000488e-01
6.666666666666666297e-01 3.461538461538461453e-01 3.461538461538461453e-01 6.800000000000000488e-01 6.800000000000000488e-01
6.666666666666666297e-01 6.538461538461538547e-01 6.538461538461538547e-01 3.200000000000000067e-01 3.200000000000000067e-01
6.666666666666666297e-01 3.461538461538461453e-01 3.461538461538461453e-01 6.800000000000000488e-01 6.800000000000000488e-01
6.666666666666666297e-01 6.538461538461538547e-01 6.538461538461538547e-01 6.800000000000000488e-01 6.800000000000000488e-01
6.666666666666666297e-01 6.538461538461538547e-01 6.538461538461538547e-01 6.800000000000000488e-01 6.800000000000000488e-01
6.666666666666666297e-01 6.538461538461538547e-01 6.538461538461538547e-01 6.800000000000000488e-01 6.800000000000000488e-01
6.666666666666666297e-01 6.538461538461538547e-01 6.538461538461538547e-01 6.800000000000000488e-01 6.800000000000000488e-01
6.666666666666666297e-01 6.538461538461538547e-01 6.538461538461538547e-01 6.800000000000000488e-01 6.800000000000000488e-01
6.666666666666666297e-01 6.538461538461538547e-01 6.538461538461538547e-01 6.800000000000000488e-01 6.800000000000000488e-01
6.666666666666666297e-01 6.538461538461538547e-01 6.538461538461538547e-01 6.800000000000000488e-01 6.800000000000000488e-01
6.666666666666666297e-01 6.538461538461538547e-01 6.538461538461538547e-01 6.800000000000000488e-01 6.800000000000000488e-01
6.666666666666666297e-01 6.538461538461538547e-01 6.538461538461538547e-01 6.800000000000000488e-01 6.800000000000000488e-01
6.666666666666666297e-01 6.538461538461538547e-01 6.538461538461538547e-01 6.800000000000000488e-01 6.800000000000000488e-01
6.666666666666666297e-01 6.538461538461538547e-01 6.538461538461538547e-01 6.800000000000000488e-01 6.800000000000000488e-01
6.666666666666666297e-01 6.538461538461538547e-01 6.538461538461538547e-01 6.800000000000000488e-01 6.800000000000000488e-01
6.666666666666666297e-01 6.538461538461538547e-01 6.538461538461538547e-01 6.800000000000000488e-01 6.800000000000000488e-01
6.666666666666666297e-01 6.538461538461538547e-01 6.538461538461538547e-01 6.800000000000000488e-01 6.800000000000000488e-01
6.666666666666666297e-01 6.538461538461538547e-01 6.538461538461538547e-01 6.800000000000000488e-01 6.800000000000000488e-01
6.666666666666666297e-01 6.538461538461538547e-01 6.538461538461538547e-01 6.800000000000000488e-01 6.800000000000000488e-01
6.666666666666666297e-01 6.538461538461538547e-01 6.538461538461538547e-01 6.800000000000000488e-01 6.800000000000000488e-01
6.666666666666666297e-01 6.538461538461538547e-01 6.538461538461538547e-01 6.800000000000000488e-01 6.800000000000000488e-01
6.666666666666666297e-01 6.538461538461538547e-01 6.538461538461538547e-01 6.800000000000000488e-01 6.800000000000000488e-01
6.666666666666666297e-01 6.538461538461538547e-01 6.538461538461538547e-01 6.800000000000000488e-01 6.800000000000000488e-01
6.666666666666666297e-01 6.538461538461538547e-01 6.538461538461538547e-01 6.800000000000000488e-01 6.800000000000000488e-01
7.407407407407406996e-01 6.538461538461538547e-01 6.538461538461538547e-01 3.200000000000000067e-01 3.200000000000000067e-01
7.407407407407406996e-01 6.538461538461538547e-01 6.538461538461538547e-01 3.200000000000000067e-01 3.200000000000000067e-01
7.407407407407406996e-01 6.538461538461538547e-01 6.538461538461538547e-01 3.200000000000000067e-01 3.200000000000000067e-01
7.407407407407406996e-01 3.461538461538461453e-01 3.461538461538461453e-01 3.200000000000000067e-01 3.200000000000000067e-01
6.666666666666666297e-01 3.461538461538461453e-01 3.461538461538461453e-01 6.800000000000000488e-01 6.800000000000000488e-01
6.666666666666666297e-01 6.538461538461538547e-01 6.538461538461538547e-01 3.200000000000000067e-01 3.200000000000000067e-01
6.666666666666666297e-01 6.538461538461538547e-01 6.538461538461538547e-01 3.200000000000000067e-01 3.200000000000000067e-01
6.666666666666666297e-01 3.461538461538461453e-01 3.461538461538461453e-01 3.200000000000000067e-01 3.200000000000000067e-01
6.666666666666666297e-01 6.538461538461538547e-01 6.538461538461538547e-01 6.800000000000000488e-01 6.800000000000000488e-01
6.666666666666666297e-01 6.538461538461538547e-01 6.538461538461538547e-01 3.200000000000000067e-01 3.200000000000000067e-01
6.666666666666666297e-01 6.538461538461538547e-01 6.538461538461538547e-01 6.800000000000000488e-01 6.800000000000000488e-01
6.666666666666666297e-01 3.461538461538461453e-01 3.461538461538461453e-01 3.200000000000000067e-01 3.200000000000000067e-01
6.666666666666666297e-01 3.461538461538461453e-01 3.461538461538461453e-01 3.200000000000000067e-01 3.200000000000000067e-01
6.666666666666666297e-01 3.461538461538461453e-01 3.461538461538461453e-01 3.200000000000000067e-01 3.200000000000000067e-01
6.666666666666666297e-01 3.461538461538461453e-01 3.461538461538461453e-01 3.200000000000000067e-01 3.200000000000000067e-01
6.666666666666666297e-01 6.538461538461538547e-01 6.538461538461538547e-01 6.800000000000000488e-01 6.800000000000000488e-01
6.666666666666666297e-01 3.461538461538461453e-01 3.461538461538461453e-01 6.800000000000000488e-01 6.800000000000000488e-01
6.666666666666666297e-01 3.461538461538461453e-01 3.461538461538461453e-01 6.800000000000000488e-01 6.800000000000000488e-01
6.666666666666666297e-01 6.538461538461538547e-01 6.538461538461538547e-01 3.200000000000000067e-01 3.200000000000000067e-01
6.666666666666666297e-01 3.461538461538461453e-01 3.461538461538461453e-01 6.800000000000000488e-01 6.800000000000000488e-01
6.666666666666666297e-01 6.538461538461538547e-01 6.538461538461538547e-01 6.800000000000000488e-01 6.800000000000000488e-01
6.666666666666666297e-01 6.538461538461538547e-01 6.538461538461538547e-01 6.800000000000000488e-01 6.800000000000000488e-01
6.666666666666666297e-01 6.538461538461538547e-01 6.538461538461538547e-01 6.800000000000000488e-01 6.800000000000000488e-01
6.666666666666666297e-01 6.538461538461538547e-01 6.538461538461538547e-01 6.800000000000000488e-01 6.800000000000000488e-01
6.666666666666666297e-01 6.538461538461538547e-01 6.538461538461538547e-01 6.800000000000000488e-01 6.800000000000000488e-01
6.666666666666666297e-01 6.538461538461538547e-01 6.538461538461538547e-01 6.800000000000000488e-01 6.800000000000000488e-01
6.666666666666666297e-01 6.538461538461538547e-01 6.538461538461538547e-01 6.800000000000000488e-01 6.800000000000000488e-01
6.666666666666666297e-01 6.538461538461538547e-01 6.538461538461538547e-01 6.800000000000000488e-01 6.800000000000000488e-01
6.666666666666666297e-01 6.538461538461538547e-01 6.538461538461538547e-01 6.800000000000000488e-01 6.800000000000000488e-01
6.666666666666666297e-01 6.538461538461538547e-01 6.538461538461538547e-01 6.800000000000000488e-01 6.800000000000000488e-01
6.666666666666666297e-01 6.538461538461538547e-01 6.538461538461538547e-01 6.800000000000000488e-01 6.800000000000000488e-01
6.666666666666666297e-01 6.538461538461538547e-01 6.538461538461538547e-01 6.800000000000000488e-01 6.800000000000000488e-01
6.666666666666666297e-01 6.538461538461538547e-01 6.538461538461538547e-01 6.800000000000000488e-01 6.800000000000000488e-01
6.666666666666666297e-01 6.538461538461538547e-01 6.538461538461538547e-01 6.800000000000000488e-01 6.800000000000000488e-01
6.666666666666666297e-01 6.538461538461538547e-01 6.538461538461538547e-01 6.800000000000000488e-01 6.800000000000000488e-01
6.666666666666666297e-01 6.538461538461538547e-01 6.538461538461538547e-01 6.800000000000000488e-01 6.800000000000000488e-01
6.666666666666666297e-01 6.538461538461538547e-01 6.538461538461538547e-01 6.800000000000000488e-01 6.800000000000000488e-01
6.666666666666666297e-01 6.538461538461538547e-01 6.538461538461538547e-01 6.800000000000000488e-01 6.800000000000000488e-01
6.666666666666666297e-01 6.538461538461538547e-01 6.538461538461538547e-01 6.800000000000000488e-01 6.800000000000000488e-01
6.666666666666666297e-01 6.538461538461538547e-01 6.538461538461538547e-01 6.800000000000000488e-01 6.800000000000000488e-01
6.666666666666666297e-01 6.538461538461538547e-01 6.538461538461538547e-01 6.800000000000000488e-01 6.800000000000000488e-01
7.407407407407406996e-01 6.538461538461538547e-01 6.538461538461538547e-01 3.200000000000000067e-01 3.200000000000000067e-01
7.407407407407406996e-01 6.538461538461538547e-01 6.538461538461538547e-01 3.200000000000000067e-01 3.200000000000000067e-01
7.407407407407406996e-01 6.538461538461538547e-01 6.538461538461538547e-01 3.200000000000000067e-01 3.200000000000000067e-01
7.407407407407406996e-01 3.461538461538461453e-01 3.461538461538461453e-01 3.200000000000000067e-01 3.200000000000000067e-01
6.666666666666666297e-01 3.461538461538461453e-01 3.461538461538461453e-01 6.800000000000000488e-01 6.800000000000000488e-01
6.666666666666666297e-01 6.538461538461538547e-01 6.538461538461538547e-01 3.200000000000000067e-01 3.200000000000000067e-01
6.666666666666666297e-01 6.538461538461538547e-01 6.538461538461538547e-01 3.200000000000000067e-01 3.200000000000000067e-01
6.666666666666666297e-01 3.461538461538461453e-01 3.461538461538461453e-01 3.200000000000000067e-01 3.200000000000000067e-01
6.666666666666666297e-01 6.538461538461538547e-01 6.538461538461538547e-01 6.800000000000000488e-01 6.800000000000000488e-01
6.666666666666666297e-01 6.538461538461538547e-01 6.538461538461538547e-01 3.200000000000000067e-01 3.200000000000000067e-01
6.666666666666666297e-01 6.538461538461538547e-01 6.538461538461538547e-01 6.800000000000000488e-01 6.800000000000000488e-01
6.666666666666666297e-01 3.461538461538461453e-01 3.461538461538461453e-01 3.200000000000000067e-01 3.200000000000000067e-01
6.666666666666666297e-01 3.461538461538461453e-01 3.461538461538461453e-01 3.200000000000000067e-01 3.200000000000000067e-01
6.666666666666666297e-01 3.461538461538461453e-01 3.461538461538461453e-01 3.200000000000000067e-01 3.200000000000000067e-01
6.666666666666666297e-01 3.461538461538461453e-01 3.461538461538461453e-01 3.200000000000000067e-01 3.200000000000000067e-01
6.666666666666666297e-01 6.538461538461538547e-01 6.538461538461538547e-01 6.800000000000000488e-01 6.800000000000000488e-01
6.666666666666666297e-01 3.461538461538461453e-01 3.461538461538461453e-01 6.800000000000000488e-01 6.800000000000000488e-01
6.666666666666666297e-01 3.461538461538461453e-01 3.461538461538461453e-01 6.800000000000000488e-01 6.800000000000000488e-01
6.666666666666666297e-01 6.538461538461538547e-01 6.538461538461538547e-01 3.200000000000000067e-01 3.200000000000000067e-01
6.666666666666666297e-01 3.461538461538461453e-01 3.461538461538461453e-01 6.800000000000000488e-01 6.800000000000000488e-01
6.666666666666666297e-01 6.538461538461538547e-01 6.538461538461538547e-01 6.800000000000000488e-01 6.800000000000000488e-01
6.666666666666666297e-01 6.538461538461538547e-01 6.538461538461538547e-01 6.800000000000000488e-01 6.800000000000000488e-01
6.666666666666666297e-01 6.538461538461538547e-01 6.538461538461538547e-01 6.800000000000000488e-01 6.800000000000000488e-01
6.666666666666666297e-01 6.538461538461538547e-01 6.538461538461538547e-01 6.800000000000000488e-01 6.800000000000000488e-01
6.666666666666666297e-01 6.538461538461538547e-01 6.538461538461538547e-01 6.800000000000000488e-01 6.800000000000000488e-01
6.666666666666666297e-01 6.538461538461538547e-01 6.538461538461538547e-01 6.800000000000000488e-01 6.800000000000000488e-01
6.666666666666666297e-01 6.538461538461538547e-01 6.538461538461538547e-01 6.800000000000000488e-01 6.800000000000000488e-01
6.666666666666666297e-01 6.538461538461538547e-01 6.538461538461538547e-01 6.800000000000000488e-01 6.800000000000000488e-01
6.666666666666666297e-01 6.538461538461538547e-01 6.538461538461538547e-01 6.800000000000000488e-01 6.800000000000000488e-01
6.666666666666666297e-01 6.538461538461538547e-01 6.538461538461538547e-01 6.800000000000000488e-01 6.800000000000000488e-01
6.666666666666666297e-01 6.538461538461538547e-01 6.538461538461538547e-01 6.800000000000000488e-01 6.800000000000000488e-01
6.666666666666666297e-01 6.538461538461538547e-01 6.538461538461538547e-01 6.800000000000000488e-01 6.800000000000000488e-01
6.666666666666666297e-01 6.538461538461538547e-01 6.538461538461538547e-01 6.800000000000000488e-01 6.800000000000000488e-01
6.666666666666666297e-01 6.538461538461538547e-01 6.538461538461538547e-01 6.800000000000000488e-01 6.800000000000000488e-01
6.666666666666666297e-01 6.538461538461538547e-01 6.538461538461538547e-01 6.800000000000000488e-01 6.800000000000000488e-01
6.666666666666666297e-01 6.538461538461538547e-01 6.538461538461538547e-01 6.800000000000000488e-01 6.800000000000000488e-01
6.666666666666666297e-01 6.538461538461538547e-01 6.538461538461538547e-01 6.800000000000000488e-01 6.800000000000000488e-01
6.666666666666666297e-01 6.538461538461538547e-01 6.538461538461538547e-01 6.800000000000000488e-01 6.800000000000000488e-01
6.666666666666666297e-01 6.538461538461538547e-01 6.538461538461538547e-01 6.800000000000000488e-01 6.800000000000000488e-01
6.666666666666666297e-01 6.538461538461538547e-01 6.538461538461538547e-01 6.800000000000000488e-01 6.800000000000000488e-01
6.666666666666666297e-01 6.538461538461538547e-01 6.538461538461538547e-01 6.800000000000000488e-01 6.800000000000000488e-01
7.407407407407406996e-01 6.538461538461538547e-01 6.538461538461538547e-01 3.200000000000000067e-01 3.200000000000000067e-01
7.407407407407406996e-01 6.538461538461538547e-01 6.538461538461538547e-01 3.200000000000000067e-01 3.200000000000000067e-01
7.407407407407406996e-01 6.538461538461538547e-01 6.538461538461538547e-01 3.200000000000000067e-01 3.200000000000000067e-01
7.407407407407406996e-01 3.461538461538461453e-01 3.461538461538461453e-01 3.200000000000000067e-01 3.200000000000000067e-01
6.666666666666666297e-01 3.461538461538461453e-01 3.461538461538461453e-01 6.800000000000000488e-01 6.800000000000000488e-01
6.666666666666666297e-01 6.538461538461538547e-01 6.538461538461538547e-01 3.200000000000000067e-01 3.200000000000000067e-01
6.666666666666666297e-01 6.538461538461538547e-01 6.538461538461538547e-01 3.200000000000000067e-01 3.200000000000000067e-01
6.666666666666666297e-01 3.461538461538461453e-01 3.461538461538461453e-01 3.200000000000000067e-01 3.200000000000000067e-01
6.666666666666666297e-01 6.538461538461538547e-01 6.538461538461538547e-01 6.800000000000000488e-01 6.800000000000000488e-01
6.666666666666666297e-01 6.538461538461538547e-01 6.538461538461538547e-01 3.200000000000000067e-01 3.200000000000000067e-01
6.666666666666666297e-01 6.538461538461538547e-01 6.538461538461538547e-01 6.800000000000000488e-01 6.800000000000000488e-01
6.666666666666666297e-01 3.461538461538461453e-01 3.461538461538461453e-01 3.200000000000000067e-01 3.200000000000000067e-01
6.666666666666666297e-01 3.461538461538461453e-01 3.461538461538461453e-01 3.200000000000000067e-01 3.200000000000000067e-01
6.666666666666666297e-01 3.461538461538461453e-01 3.461538461538461453e-01 3.200000000000000067e-01 3.200000000000000067e-01
6.666666666666666297e-01 3.461538461538461453e-01 3.461538461538461453e-01 3.200000000000000067e-01 3.200000000000000067e-01
6.666666666666666297e-01 6.538461538461538547e-01 6.538461538461538547e-01 6.800000000000000488e-01 6.800000000000000488e-01
6.666666666666666297e-01 3.461538461538461453e-01 3.461538461538461453e-01 6.800000000000000488e-01 6.800000000000000488e-01
6.666666666666666297e-01 3.461538461538461453e-01 3.461538461538461453e-01 6.800000000000000488e-01 6.800000000000000488e-01
6.666666666666666297e-01 6.538461538461538547e-01 6.538461538461538547e-01 3.200000000000000067e-01 3.200000000000000067e-01
6.666666666666666297e-01 3.461538461538461453e-01 3.461538461538461453e-01 6.800000000000000488e-01 6.800000000000000488e-01
6.666666666666666297e-01 6.538461538461538547e-01 6.538461538461538547e-01 6.800000000000000488e-01 6.800000000000000488e-01
6.666666666666666297e-01 6.538461538461538547e-01 6.538461538461538547e-01 6.800000000000000488e-01 6.800000000000000488e-01
6.666666666666666297e-01 6.538461538461538547e-01 6.538461538461538547e-01 6.800000000000000488e-01 6.800000000000000488e-01
6.666666666666666297e-01 6.538461538461538547e-01 6.538461538461538547e-01 6.800000000000000488e-01 6.800000000000000488e-01
6.666666666666666297e-01 6.538461538461538547e-01 6.538461538461538547e-01 6.800000000000000488e-01 6.800000000000000488e-01
6.666666666666666297e-01 6.538461538461538547e-01 6.538461538461538547e-01 6.800000000000000488e-01 6.800000000000000488e-01
6.666666666666666297e-01 6.538461538461538547e-01 6.538461538461538547e-01 6.800000000000000488e-01 6.800000000000000488e-01
6.666666666666666297e-01 6.538461538461538547e-01 6.538461538461538547e-01 6.800000000000000488e-01 6.800000000000000488e-01
6.666666666666666297e-01 6.538461538461538547e-01 6.538461538461538547e-01 6.800000000000000488e-01 6.800000000000000488e-01
6.666666666666666297e-01 6.538461538461538547e-01 6.538461538461538547e-01 6.800000000000000488e-01 6.800000000000000488e-01
6.666666666666666297e-01 6.538461538461538547e-01 6.538461538461538547e-01 6.800000000000000488e-01 6.800000000000000488e-01
6.666666666666666297e-01 6.538461538461538547e-01 6.538461538461538547e-01 6.800000000000000488e-01 6.800000000000000488e-01
6.666666666666666297e-01 6.538461538461538547e-01 6.538461538461538547e-01 6.800000000000000488e-01 6.800000000000000488e-01
6.666666666666666297e-01 6.538461538461538547e-01 6.538461538461538547e-01 6.800000000000000488e-01 6.800000000000000488e-01
6.666666666666666297e-01 6.538461538461538547e-01 6.538461538461538547e-01 6.800000000000000488e-01 6.800000000000000488e-01
6.666666666666666297e-01 6.538461538461538547e-01 6.538461538461538547e-01 6.800000000000000488e-01 6.800000000000000488e-01
6.666666666666666297e-01 6.538461538461538547e-01 6.538461538461538547e-01 6.800000000000000488e-01 6.800000000000000488e-01
6.666666666666666297e-01 6.538461538461538547e-01 6.538461538461538547e-01 6.800000000000000488e-01 6.800000000000000488e-01
6.666666666666666297e-01 6.538461538461538547e-01 6.538461538461538547e-01 6.800000000000000488e-01 6.800000000000000488e-01
6.666666666666666297e-01 6.538461538461538547e-01 6.538461538461538547e-01 6.800000000000000488e-01 6.800000000000000488e-01
6.666666666666666297e-01 6.538461538461538547e-01 6.538461538461538547e-01 6.800000000000000488e-01 6.800000000000000488e-01
7.407407407407406996e-01 6.538461538461538547e-01 6.538461538461538547e-01 3.200000000000000067e-01 3.200000000000000067e-01
7.407407407407406996e-01 6.538461538461538547e-01 6.538461538461538547e-01 3.200000000000000067e-01 3.200000000000000067e-01
7.407407407407406996e-01 6.538461538461538547e-01 6.538461538461538547e-01 3.200000000000000067e-01 3.200000000000000067e-01
7.407407407407406996e-01 3.461538461538461453e-01 3.461538461538461453e-01 3.200000000000000067e-01 3.200000000000000067e-01
6.666666666666666297e-01 3.461538461538461453e-01 3.461538461538461453e-01 6.800000000000000488e-01 6.800000000000000488e-01
6.666666666666666297e-01 6.538461538461538547e-01 6.538461538461538547e-01 3.200000000000000067e-01 3.200000000000000067e-01
6.666666666666666297e-01 6.538461538461538547e-01 6.538461538461538547e-01 3.200000000000000067e-01 3.200000000000000067e-01
6.666666666666666297e-01 3.461538461538461453e-01 3.461538461538461453e-01 3.200000000000000067e-01 3.200000000000000067e-01
6.666666666666666297e-01 6.538461538461538547e-01 6.538461538461538547e-01 6.800000000000000488e-01 6.800000000000000488e-01
6.666666666666666297e-01 6.538461538461538547e-01 6.538461538461538547e-01 3.200000000000000067e-01 3.200000000000000067e-01
6.666666666666666297e-01 6.538461538461538547e-01 6.538461538461538547e-01 6.800000000000000488e-01 6.800000000000000488e-01
6.666666666666666297e-01 3.461538461538461453e-01 3.461538461538461453e-01 3.200000000000000067e-01 3.200000000000000067e-01
6.666666666666666297e-01 3.461538461538461453e-01 3.461538461538461453e-01 3.200000000000000067e-01 3.200000000000000067e-01
6.666666666666666297e-01 3.461538461538461453e-01 3.461538461538461453e-01 3.200000000000000067e-01 3.200000000000000067e-01
6.666666666666666297e-01 3.461538461538461453e-01 3.461538461538461453e-01 3.200000000000000067e-01 3.200000000000000067e-01
6.666666666666666297e-01 6.538461538461538547e-01 6.538461538461538547e-01 6.800000000000000488e-01 6.800000000000000488e-01
6.666666666666666297e-01 3.461538461538461453e-01 3.461538461538461453e-01 6.800000000000000488e-01 6.800000000000000488e-01
6.666666666666666297e-01 3.461538461538461453e-01 3.461538461538461453e-01 6.800000000000000488e-01 6.800000000000000488e-01
6.666666666666666297e-01 6.538461538461538547e-01 6.538461538461538547e-01 3.200000000000000067e-01 3.200000000000000067e-01
6.666666666666666297e-01 3.461538461538461453e-01 3.461538461538461453e-01 6.800000000000000488e-01 6.800000000000000488e-01
6.666666666666666297e-01 6.538461538461538547e-01 6.538461538461538547e-01 6.800000000000000488e-01 6.800000000000000488e-01
6.666666666666666297e-01 6.538461538461538547e-01 6.538461538461538547e-01 6.800000000000000488e-01 6.800000000000000488e-01
6.666666666666666297e-01 6.538461538461538547e-01 6.538461538461538547e-01 6.800000000000000488e-01 6.800000000000000488e-01
6.666666666666666297e-01 6.538461538461538547e-01 6.538461538461538547e-01 6.800000000000000488e-01 6.800000000000000488e-01
6.666666666666666297e-01 6.538461538461538547e-01 6.538461538461538547e-01 6.800000000000000488e-01 6.800000000000000488e-01
6.666666666666666297e-01 6.538461538461538547e-01 6.538461538461538547e-01 6.800000000000000488e-01 6.800000000000000488e-01
6.666666666666666297e-01 6.538461538461538547e-01 6.538461538461538547e-01 6.800000000000000488e-01 6.800000000000000488e-01
6.666666666666666297e-01 6.538461538461538547e-01 6.538461538461538547e-01 6.800000000000000488e-01 6.800000000000000488e-01
6.666666666666666297e-01 6.538461538461538547e-01 6.538461538461538547e-01 6.800000000000000488e-01 6.800000000000000488e-01
6.666666666666666297e-01 6.538461538461538547e-01 6.538461538461538547e-01 6.800000000000000488e-01 6.800000000000000488e-01
6.666666666666666297e-01 6.538461538461538547e-01 6.538461538461538547e-01 6.800000000000000488e-01 6.800000000000000488e-01
6.666666666666666297e-01 6.538461538461538547e-01 6.538461538461538547e-01 6.800000000000000488e-01 6.800000000000000488e-01
6.666666666666666297e-01 6.538461538461538547e-01 6.538461538461538547e-01 6.800000000000000488e-01 6.800000000000000488e-01
6.666666666666666297e-01 6.538461538461538547e-01 6.538461538461538547e-01 6.800000000000000488e-01 6.800000000000000488e-01
6.666666666666666297e-01 6.538461538461538547e-01 6.538461538461538547e-01 6.800000000000000488e-01 6.800000000000000488e-01
6.666666666666666297e-01 6.538461538461538547e-01 6.538461538461538547e-01 6.800000000000000488e-01 6.800000000000000488e-01
6.666666666666666297e-01 6.538461538461538547e-01 6.538461538461538547e-01 6.800000000000000488e-01 6.800000000000000488e-01
6.666666666666666297e-01 6.538461538461538547e-01 6.538461538461538547e-01 6.800000000000000488e-01 6.800000000000000488e-01
6.666666666666666297e-01 6.538461538461538547e-01 6.538461538461538547e-01 6.800000000000000488e-01 6.800000000000000488e-01
6.666666666666666297e-01 6.538461538461538547e-01 6.538461538461538547e-01 6.800000000000000488e-01 6.800000000000000488e-01
6.666666666666666297e-01 6.538461538461538547e-01 6.538461538461538547e-01 6.800000000000000488e-01 6.800000000000000488e-01
7.407407407407406996e-01 6.538461538461538547e-01 6.538461538461538547e-01 3.200000000000000067e-01 3.200000000000000067e-01
7.407407407407406996e-01 6.538461538461538547e-01 6.538461538461538547e-01 3.200000000000000067e-01 3.200000000000000067e-01
7.407407407407406996e-01 6.538461538461538547e-01 6.538461538461538547e-01 3.200000000000000067e-01 3.200000000000000067e-01
7.407407407407406996e-01 3.461538461538461453e-01 3.461538461538461453e-01 3.200000000000000067e-01 3.200000000000000067e-01
6.666666666666666297e-01 3.461538461538461453e-01 3.461538461538461453e-01 6.800000000000000488e-01 6.800000000000000488e-01
6.666666666666666297e-01 6.538461538461538547e-01 6.538461538461538547e-01 3.200000000000000067e-01 3.200000000000000067e-01
6.666666666666666297e-01 6.538461538461538547e-01 6.538461538461538547e-01 3.200000000000000067e-01 3.200000000000000067e-01
6.666666666666666297e-01 3.461538461538461453e-01 3.461538461538461453e-01 3.200000000000000067e-01 3.200000000000000067e-01
6.666666666666666297e-01 6.538461538461538547e-01 6.538461538461538547e-01 6.800000000000000488e-01 6.800000000000000488e-01
6.666666666666666297e-01 6.538461538461538547e-01 6.538461538461538547e-01 3.200000000000000067e-01 3.200000000000000067e-01
6.666666666666666297e-01 6.538461538461538547e-01 6.538461538461538547e-01 6.800000000000000488e-01 6.800000000000000488e-01
6.666666666666666297e-01 3.461538461538461453e-01 3.461538461538461453e-01 3.200000000000000067e-01 3.200000000000000067e-01
6.666666666666666297e-01 3.461538461538461453e-01 3.461538461538461453e-01 3.200000000000000067e-01 3.200000000000000067e-01
6.666666666666666297e-01 3.461538461538461453e-01 3.461538461538461453e-01 3.200000000000000067e-01 3.200000000000000067e-01
6.666666666666666297e-01 3.461538461538461453e-01 3.461538461538461453e-01 3.200000000000000067e-01 3.200000000000000067e-01
6.666666666666666297e-01 6.538461538461538547e-01 6.538461538461538547e-01 6.800000000000000488e-01 6.800000000000000488e-01
6.666666666666666297e-01 3.461538461538461453e-01 3.461538461538461453e-01 6.800000000000000488e-01 6.800000000000000488e-01
6.666666666666666297e-01 3.461538461538461453e-01 3.461538461538461453e-01 6.800000000000000488e-01 6.800000000000000488e-01
6.666666666666666297e-01 6.538461538461538547e-01 6.538461538461538547e-01 3.200000000000000067e-01 3.200000000000000067e-01
6.666666666666666297e-01 3.461538461538461453e-01 3.461538461538461453e-01 6.800000000000000488e-01 6.800000000000000488e-01
6.666666666666666297e-01 6.538461538461538547e-01 6.538461538461538547e-01 6.800000000000000488e-01 6.800000000000000488e-01
6.666666666666666297e-01 6.538461538461538547e-01 6.538461538461538547e-01 6.800000000000000488e-01 6.800000000000000488e-01
6.666666666666666297e-01 6.538461538461538547e-01 6.538461538461538547e-01 6.800000000000000488e-01 6.800000000000000488e-01
6.666666666666666297e-01 6.538461538461538547e-01 6.538461538461538547e-01 6.800000000000000488e-01 6.800000000000000488e-01
6.666666666666666297e-01 6.538461538461538547e-01 6.538461538461538547e-01 6.800000000000000488e-01 6.800000000000000488e-01
6.666666666666666297e-01 6.538461538461538547e-01 6.538461538461538547e-01 6.800000000000000488e-01 6.800000000000000488e-01
6.666666666666666297e-01 6.538461538461538547e-01 6.538461538461538547e-01 6.800000000000000488e-01 6.800000000000000488e-01
6.666666666666666297e-01 6.538461538461538547e-01 6.538461538461538547e-01 6.800000000000000488e-01 6.800000000000000488e-01
6.666666666666666297e-01 6.538461538461538547e-01 6.538461538461538547e-01 6.800000000000000488e-01 6.800000000000000488e-01
6.666666666666666297e-01 6.538461538461538547e-01 6.538461538461538547e-01 6.800000000000000488e-01 6.800000000000000488e-01
6.666666666666666297e-01 6.538461538461538547e-01 6.538461538461538547e-01 6.800000000000000488e-01 6.800000000000000488e-01
6.666666666666666297e-01 6.538461538461538547e-01 6.538461538461538547e-01 6.800000000000000488e-01 6.800000000000000488e-01
6.666666666666666297e-01 6.538461538461538547e-01 6.538461538461538547e-01 6.800000000000000488e-01 6.800000000000000488e-01
6.666666666666666297e-01 6.538461538461538547e-01 6.538461538461538547e-01 6.800000000000000488e-01 6.800000000000000488e-01
6.666666666666666297e-01 6.538461538461538547e-01 6.538461538461538547e-01 6.800000000000000488e-01 6.800000000000000488e-01
6.666666666666666297e-01 6.538461538461538547e-01 6.538461538461538547e-01 6.800000000000000488e-01 6.800000000000000488e-01
6.666666666666666297e-01 6.538461538461538547e-01 6.538461538461538547e-01 6.800000000000000488e-01 6.800000000000000488e-01
6.666666666666666297e-01 6.538461538461538547e-01 6.538461538461538547e-01 6.800000000000000488e-01 6.800000000000000488e-01
6.666666666666666297e-01 6.538461538461538547e-01 6.538461538461538547e-01 6.800000000000000488e-01 6.800000000000000488e-01
6.666666666666666297e-01 6.538461538461538547e-01 6.538461538461538547e-01 6.800000000000000488e-01 6.800000000000000488e-01
6.666666666666666297e-01 6.538461538461538547e-01 6.538461538461538547e-01 6.800000000000000488e-01 6.800000000000000488e-01
4.444444444444444198e-01 6.538461538461538547e-01 6.538461538461538547e-01 3.200000000000000067e-01 3.200000000000000067e-01
4.444444444444444198e-01 6.538461538461538547e-01 6.538461538461538547e-01 3.200000000000000067e-01 3.200000000000000067e-01
4.814814814814814548e-01 6.538461538461538547e-01 6.538461538461538547e-01 3.200000000000000067e-01 3.200000000000000067e-01
4.814814814814814548e-01 3.461538461538461453e-01 3.461538461538461453e-01 3.200000000000000067e-01 3.200000000000000067e-01
6.666666666666666297e-01 3.461538461538461453e-01 3.461538461538461453e-01 6.800000000000000488e-01 6.800000000000000488e-01
6.666666666666666297e-01 6.538461538461538547e-01 6.538461538461538547e-01 3.200000000000000067e-01 3.200000000000000067e-01
6.666666666666666297e-01 6.538461538461538547e-01 6.538461538461538547e-01 3.200000000000000067e-01 3.200000000000000067e-01
6.666666666666666297e-01 3.461538461538461453e-01 3.461538461538461453e-01 3.200000000000000067e-01 3.200000000000000067e-01
6.666666666666666297e-01 6.538461538461538547e-01 6.538461538461538547e-01 6.800000000000000488e-01 6.800000000000000488e-01
6.666666666666666297e-01 6.538461538461538547e-01 6.538461538461538547e-01 3.200000000000000067e-01 3.200000000000000067e-01
6.666666666666666297e-01 6.538461538461538547e-01 6.538461538461538547e-01 6.800000000000000488e-01 6.800000000000000488e-01
6.666666666666666297e-01 3.461538461538461453e-01 3.461538461538461453e-01 3.200000000000000067e-01 3.200000000000000067e-01
6.666666666666666297e-01 3.461538461538461453e-01 3.461538461538461453e-01 3.200000000000000067e-01 3.200000000000000067e-01
6.666666666666666297e-01 3.461538461538461453e-01 3.461538461538461453e-01 3.200000000000000067e-01 3.200000000000000067e-01
6.666666666666666297e-01 3.461538461538461453e-01 3.461538461538461453e-01 3.200000000000000067e-01 3.200000000000000067e-01
6.666666666666666297e-01 6.538461538461538547e-01 6.538461538461538547e-01 6.800000000000000488e-01 6.800000000000000488e-01
6.666666666666666297e-01 3.461538461538461453e-01 3.461538461538461453e-01 6.800000000000000488e-01 6.800000000000000488e-01
6.666666666666666297e-01 3.461538461538461453e-01 3.461538461538461453e-01 6.800000000000000488e-01 6.800000000000000488e-01
6.666666666666666297e-01 6.538461538461538547e-01 6.538461538461538547e-01 3.200000000000000067e-01 3.200000000000000067e-01
6.666666666666666297e-01 3.461538461538461453e-01 3.461538461538461453e-01 6.800000000000000488e-01 6.800000000000000488e-01
6.666666666666666297e-01 6.538461538461538547e-01 6.538461538461538547e-01 6.800000000000000488e-01 6.800000000000000488e-01
6.666666666666666297e-01 6.538461538461538547e-01 6.538461538461538547e-01 6.800000000000000488e-01 6.800000000000000488e-01
6.666666666666666297e-01 6.538461538461538547e-01 6.538461538461538547e-01 6.800000000000000488e-01 6.800000000000000488e-01
6.666666666666666297e-01 6.538461538461538547e-01 6.538461538461538547e-01 6.800000000000000488e-01 6.800000000000000488e-01
6.666666666666666297e-01 6.538461538461538547e-01 6.538461538461538547e-01 6.800000000000000488e-01 6.800000000000000488e-01
6.666666666666666297e-01 6.538461538461538547e-01 6.538461538461538547e-01 6.800000000000000488e-01 6.800000000000000488e-01
6.666666666666666297e-01 6.538461538461538547e-01 6.538461538461538547e-01 6.800000000000000488e-01 6.800000000000000488e-01
6.666666666666666297e-01 6.538461538461538547e-01 6.538461538461538547e-01 6.800000000000000488e-01 6.800000000000000488e-01
6.666666666666666297e-01 6.538461538461538547e-01 6.538461538461538547e-01 6.800000000000000488e-01 6.800000000000000488e-01
6.666666666666666297e-01 6.538461538461538547e-01 6.538461538461538547e-01 6.800000000000000488e-01 6.800000000000000488e-01
6.666666666666666297e-01 6.538461538461538547e-01 6.538461538461538547e-01 6.800000000000000488e-01 6.800000000000000488e-01
6.666666666666666297e-01 6.538461538461538547e-01 6.538461538461538547e-01 6.800000000000000488e-01 6.800000000000000488e-01
6.666666666666666297e-01 6.538461538461538547e-01 6.538461538461538547e-01 6.800000000000000488e-01 6.800000000000000488e-01
6.666666666666666297e-01 6.538461538461538547e-01 6.538461538461538547e-01 6.800000000000000488e-01 6.800000000000000488e-01
6.666666666666666297e-01 6.538461538461538547e-01 6.538461538461538547e-01 6.800000000000000488e-01 6.800000000000000488e-01
6.666666666666666297e-01 6.538461538461538547e-01 6.538461538461538547e-01 6.800000000000000488e-01 6.800000000000000488e-01
6.666666666666666297e-01 6.538461538461538547e-01 6.538461538461538547e-01 6.800000000000000488e-01 6.800000000000000488e-01
6.666666666666666297e-01 6.538461538461538547e-01 6.538461538461538547e-01 6.800000000000000488e-01 6.800000000000000488e-01
6.666666666666666297e-01 6.538461538461538547e-01 6.538461538461538547e-01 6.800000000000000488e-01 6.800000000000000488e-01
6.666666666666666297e-01 6.538461538461538547e-01 6.538461538461538547e-01 6.800000000000000488e-01 6.800000000000000488e-01
6.666666666666666297e-01 6.538461538461538547e-01 6.538461538461538547e-01 6.800000000000000488e-01 6.800000000000000488e-01
3.333333333333333148e-01 6.538461538461538547e-01 6.538461538461538547e-01 3.200000000000000067e-01 3.200000000000000067e-01
3.333333333333333148e-01 6.538461538461538547e-01 6.538461538461538547e-01 3.200000000000000067e-01 3.200000000000000067e-01
3.333333333333333148e-01 6.538461538461538547e-01 6.538461538461538547e-01 3.200000000000000067e-01 3.200000000000000067e-01
3.333333333333333148e-01 3.461538461538461453e-01 3.461538461538461453e-01 3.200000000000000067e-01 3.200000000000000067e-01
6.666666666666666297e-01 3.461538461538461453e-01 3.461538461538461453e-01 6.800000000000000488e-01 6.800000000000000488e-01
6.666666666666666297e-01 6.538461538461538547e-01 6.538461538461538547e-01 3.200000000000000067e-01 3.200000000000000067e-01
6.666666666666666297e-01 6.538461538461538547e-01 6.538461538461538547e-01 3.200000000000000067e-01 3.200000000000000067e-01
6.666666666666666297e-01 3.461538461538461453e-01 3.461538461538461453e-01 3.200000000000000067e-01 3.200000000000000067e-01
6.666666666666666297e-01 6.538461538461538547e-01 6.538461538461538547e-01 6.800000000000000488e-01 6.800000000000000488e-01
6.666666666666666297e-01 6.538461538461538547e-01 6.538461538461538547e-01 3.200000000000000067e-01 3.200000000000000067e-01
6.666666666666666297e-01 6.538461538461538547e-01 6.538461538461538547e-01 6.800000000000000488e-01 6.800000000000000488e-01
6.666666666666666297e-01 3.461538461538461453e-01 3.461538461538461453e-01 3.200000000000000067e-01 3.200000000000000067e-01
6.666666666666666297e-01 3.461538461538461453e-01 3.461538461538461453e-01 3.200000000000000067e-01 3.200000000000000067e-01
6.666666666666666297e-01 3.461538461538461453e-01 3.461538461538461453e-01 3.200000000000000067e-01 3.200000000000000067e-01
6.666666666666666297e-01 3.461538461538461453e-01 3.461538461538461453e-01 3.200000000000000067e-01 3.200000000000000067e-01
6.666666666666666297e-01 6.538461538461538547e-01 6.538461538461538547e-01 6.800000000000000488e-01 6.800000000000000488e-01
6.666666666666666297e-01 3.461538461538461453e-01 3.461538461538461453e-01 6.800000000000000488e-01 6.800000000000000488e-01
6.666666666666666297e-01 3.461538461538461453e-01 3.461538461538461453e-01 6.800000000000000488e-01 6.800000000000000488e-01
6.666666666666666297e-01 6.538461538461538547e-01 6.538461538461538547e-01 3.200000000000000067e-01 3.200000000000000067e-01
6.666666666666666297e-01 3.461538461538461453e-01 3.461538461538461453e-01 6.800000000000000488e-01 6.800000000000000488e-01
6.666666666666666297e-01 6.538461538461538547e-01 6.538461538461538547e-01 6.800000000000000488e-01 6.800000000000000488e-01
6.666666666666666297e-01 6.538461538461538547e-01 6.538461538461538547e-01 6.800000000000000488e-01 6.800000000000000488e-01
6.666666666666666297e-01 6.538461538461538547e-01 6.538461538461538547e-01 6.800000000000000488e-01 6.800000000000000488e-01
6.666666666666666297e-01 6.538461538461538547e-01 6.538461538461538547e-01 6.800000000000000488e-01 6.800000000000000488e-01
6.666666666666666297e-01 6.538461538461538547e-01 6.538461538461538547e-01 6.800000000000000488e-01 6.800000000000000488e-01
6.666666666666666297e-01 6.538461538461538547e-01 6.538461538461538547e-01 6.800000000000000488e-01 6.800000000000000488e-01
6.666666666666666297e-01 6.538461538461538547e-01 6.538461538461538547e-01 6.800000000000000488e-01 6.800000000000000488e-01
6.666666666666666297e-01 6.538461538461538547e-01 6.538461538461538547e-01 6.800000000000000488e-01 6.800000000000000488e-01
6.666666666666666297e-01 6.538461538461538547e-01 6.538461538461538547e-01 6.800000000000000488e-01 6.800000000000000488e-01
6.666666666666666297e-01 6.538461538461538547e-01 6.538461538461538547e-01 6.800000000000000488e-01 6.800000000000000488e-01
6.666666666666666297e-01 6.538461538461538547e-01 6.538461538461538547e-01 6.800000000000000488e-01 6.800000000000000488e-01
6.666666666666666297e-01 6.538461538461538547e-01 6.538461538461538547e-01 6.800000000000000488e-01 6.800000000000000488e-01
6.666666666666666297e-01 6.538461538461538547e-01 6.538461538461538547e-01 6.800000000000000488e-01 6.800000000000000488e-01
6.666666666666666297e-01 6.538461538461538547e-01 6.538461538461538547e-01 6.800000000000000488e-01 6.800000000000000488e-01
6.666666666666666297e-01 6.538461538461538547e-01 6.538461538461538547e-01 6.800000000000000488e-01 6.800000000000000488e-01
6.666666666666666297e-01 6.538461538461538547e-01 6.538461538461538547e-01 6.800000000000000488e-01 6.800000000000000488e-01
6.666666666666666297e-01 6.538461538461538547e-01 6.538461538461538547e-01 6.800000000000000488e-01 6.800000000000000488e-01
6.666666666666666297e-01 6.538461538461538547e-01 6.538461538461538547e-01 6.800000000000000488e-01 6.800000000000000488e-01
6.666666666666666297e-01 6.538461538461538547e-01 6.538461538461538547e-01 6.800000000000000488e-01 6.800000000000000488e-01
6.666666666666666297e-01 6.538461538461538547e-01 6.538461538461538547e-01 6.800000000000000488e-01 6.800000000000000488e-01
6.666666666666666297e-01 6.538461538461538547e-01 6.538461538461538547e-01 6.800000000000000488e-01 6.800000000000000488e-01
3.333333333333333148e-01 6.538461538461538547e-01 6.538461538461538547e-01 3.200000000000000067e-01 3.200000000000000067e-01
3.333333333333333148e-01 6.538461538461538547e-01 6.538461538461538547e-01 3.200000000000000067e-01 3.200000000000000067e-01
3.333333333333333148e-01 6.538461538461538547e-01 6.538461538461538547e-01 3.200000000000000067e-01 3.200000000000000067e-01
3.333333333333333148e-01 3.461538461538461453e-01 3.461538461538461453e-01 3.200000000000000067e-01 3.200000000000000067e-01
6.666666666666666297e-01 3.461538461538461453e-01 3.461538461538461453e-01 6.800000000000000488e-01 6.800000000000000488e-01
6.666666666666666297e-01 6.538461538461538547e-01 6.538461538461538547e-01 3.200000000000000067e-01 3.200000000000000067e-01
6.666666666666666297e-01 6.538461538461538547e-01 6.538461538461538547e-01 3.200000000000000067e-01 3.200000000000000067e-01
6.666666666666666297e-01 3.461538461538461453e-01 3.461538461538461453e-01 3.200000000000000067e-01 3.200000000000000067e-01
6.666666666666666297e-01 6.538461538461538547e-01 6.538461538461538547e-01 6.800000000000000488e-01 6.800000000000000488e-01
6.666666666666666297e-01 6.538461538461538547e-01 6.538461538461538547e-01 3.200000000000000067e-01 3.200000000000000067e-01
6.666666666666666297e-01 6.538461538461538547e-01 6.538461538461538547e-01 6.800000000000000488e-01 6.800000000000000488e-01
6.666666666666666297e-01 3.461538461538461453e-01 3.461538461538461453e-01 3.200000000000000067e-01 3.200000000000000067e-01
6.666666666666666297e-01 3.461538461538461453e-01 3.461538461538461453e-01 3.200000000000000067e-01 3.200000000000000067e-01
6.666666666666666297e-01 3.461538461538461453e-01 3.461538461538461453e-01 3.200000000000000067e-01 3.200000000000000067e-01
6.666666666666666297e-01 3.461538461538461453e-01 3.461538461538461453e-01 3.200000000000000067e-01 3.200000000000000067e-01
6.666666666666666297e-01 6.538461538461538547e-01 6.538461538461538547e-01 6.800000000000000488e-01 6.800000000000000488e-01
6.666666666666666297e-01 3.461538461538461453e-01 3.461538461538461453e-01 6.800000000000000488e-01 6.800000000000000488e-01
6.666666666666666297e-01 3.461538461538461453e-01 3.461538461538461453e-01 6.800000000000000488e-01 6.800000000000000488e-01
6.666666666666666297e-01 6.538461538461538547e-01 6.538461538461538547e-01 3.200000000000000067e-01 3.200000000000000067e-01
6.666666666666666297e-01 3.461538461538461453e-01 3.461538461538461453e-01 6.800000000000000488e-01 6.800000000000000488e-01
6.666666666666666297e-01 6.538461538461538547e-01 6.538461538461538547e-01 6.800000000000000488e-01 6.800000000000000488e-01
6.666666666666666297e-01 6.538461538461538547e-01 6.538461538461538547e-01 6.800000000000000488e-01 6.800000000000000488e-01
6.666666666666666297e-01 6.538461538461538547e-01 6.538461538461538547e-01 6.800000000000000488e-01 6.800000000000000488e-01
6.666666666666666297e-01 6.538461538461538547e-01 6.538461538461538547e-01 6.800000000000000488e-01 6.800000000000000488e-01
6.666666666666666297e-01 6.538461538461538547e-01 6.538461538461538547e-01 6.800000000000000488e-01 6.800000000000000488e-01
6.666666666666666297e-01 6.538461538461538547e-01 6.538461538461538547e-01 6.800000000000000488e-01 6.800000000000000488e-01
6.666666666666666297e-01 6.538461538461538547e-01 6.538461538461538547e-01 6.800000000000000488e-01 6.800000000000000488e-01
6.666666666666666297e-01 6.538461538461538547e-01 6.538461538461538547e-01 6.800000000000000488e-01 6.800000000000000488e-01
6.666666666666666297e-01 6.538461538461538547e-01 6.538461538461538547e-01 6.800000000000000488e-01 6.800000000000000488e-01
6.666666666666666297e-01 6.538461538461538547e-01 6.538461538461538547e-01 6.800000000000000488e-01 6.800000000000000488e-01
6.666666666666666297e-01 6.538461538461538547e-01 6.538461538461538547e-01 6.800000000000000488e-01 6.800000000000000488e-01
6.666666666666666297e-01 6.538461538461538547e-01 6.538461538461538547e-01 6.800000000000000488e-01 6.800000000000000488e-01
6.666666666666666297e-01 6.538461538461538547e-01 6.538461538461538547e-01 6.800000000000000488e-01 6.800000000000000488e-01
6.666666666666666297e-01 6.538461538461538547e-01 6.538461538461538547e-01 6.800000000000000488e-01 6.800000000000000488e-01
6.666666666666666297e-01 6.538461538461538547e-01 6.538461538461538547e-01 6.800000000000000488e-01 6.800000000000000488e-01
6.666666666666666297e-01 6.538461538461538547e-01 6.538461538461538547e-01 6.800000000000000488e-01 6.800000000000000488e-01
6.666666666666666297e-01 6.538461538461538547e-01 6.538461538461538547e-01 6.800000000000000488e-01 6.800000000000000488e-01
6.666666666666666297e-01 6.538461538461538547e-01 6.538461538461538547e-01 6.800000000000000488e-01 6.800000000000000488e-01
6.666666666666666297e-01 6.538461538461538547e-01 6.538461538461538547e-01 6.800000000000000488e-01 6.800000000000000488e-01
6.666666666666666297e-01 6.538461538461538547e-01 6.538461538461538547e-01 6.800000000000000488e-01 6.800000000000000488e-01
6.666666666666666297e-01 6.538461538461538547e-01 6.538461538461538547e-01 6.800000000000000488e-01 6.800000000000000488e-01
