6.666666666666666297e-01 6.666666666666666297e-01 6.875000000000000000e-01 6.774193548387096309e-01 6.774193548387096309e-01
3.333333333333333148e-01 3.333333333333333148e-01 6.875000000000000000e-01 6.774193548387096309e-01 6.774193548387096309e-01
3.333333333333333148e-01 3.333333333333333148e-01 6.875000000000000000e-01 6.774193548387096309e-01 6.774193548387096309e-01
3.333333333333333148e-01 3.333333333333333148e-01 6.875000000000000000e-01 3.225806451612903136e-01 3.225806451612903136e-01
3.333333333333333148e-01 3.333333333333333148e-01 6.875000000000000000e-01 3.225806451612903136e-01 3.225806451612903136e-01
6.666666666666666297e-01 6.666666666666666297e-01 6.875000000000000000e-01 3.225806451612903136e-01 3.225806451612903136e-01
3.333333333333333148e-01 3.333333333333333148e-01 6.875000000000000000e-01 6.774193548387096309e-01 6.774193548387096309e-01
6.666666666666666297e-01 6.666666666666666297e-01 6.875000000000000000e-01 3.225806451612903136e-01 3.225806451612903136e-01
3.333333333333333148e-01 3.333333333333333148e-01 6.875000000000000000e-01 3.225806451612903136e-01 3.225806451612903136e-01
3.333333333333333148e-01 3.333333333333333148e-01 3.125000000000000000e-01 6.774193548387096309e-01 6.774193548387096309e-01
3.333333333333333148e-01 3.333333333333333148e-01 6.875000000000000000e-01 3.225806451612903136e-01 3.225806451612903136e-01
3.333333333333333148e-01 3.333333333333333148e-01 6.875000000000000000e-01 3.225806451612903136e-01 3.225806451612903136e-01
3.333333333333333148e-01 3.333333333333333148e-01 3.125000000000000000e-01 3.225806451612903136e-01 3.225806451612903136e-01
3.333333333333333148e-01 3.333333333333333148e-01 6.875000000000000000e-01 6.774193548387096309e-01 6.774193548387096309e-01
6.666666666666666297e-01 6.666666666666666297e-01 6.875000000000000000e-01 3.225806451612903136e-01 3.225806451612903136e-01
3.333333333333333148e-01 3.333333333333333148e-01 6.875000000000000000e-01 6.774193548387096309e-01 6.774193548387096309e-01
3.333333333333333148e-01 3.333333333333333148e-01 6.875000000000000000e-01 6.774193548387096309e-01 6.774193548387096309e-01
3.333333333333333148e-01 3.333333333333333148e-01 3.125000000000000000e-01 3.225806451612903136e-01 3.225806451612903136e-01
3.333333333333333148e-01 3.333333333333333148e-01 6.875000000000000000e-01 3.225806451612903136e-01 3.225806451612903136e-01
3.333333333333333148e-01 3.333333333333333148e-01 3.125000000000000000e-01 6.774193548387096309e-01 6.774193548387096309e-01
6.969696969696970168e-01 6.666666666666666297e-01 6.562500000000000000e-01 6.129032258064516236e-01 7.419354838709677491e-01
6.969696969696970168e-01 6.666666666666666297e-01 6.875000000000000000e-01 6.129032258064516236e-01 7.096774193548387455e-01
6.969696969696970168e-01 6.666666666666666297e-01 6.875000000000000000e-01 6.129032258064516236e-01 7.096774193548387455e-01
6.969696969696970168e-01 6.666666666666666297e-01 6.875000000000000000e-01 6.129032258064516236e-01 7.096774193548387455e-01
6.969696969696970168e-01 6.666666666666666297e-01 6.875000000000000000e-01 6.129032258064516236e-01 7.096774193548387455e-01
6.969696969696970168e-01 6.666666666666666297e-01 6.875000000000000000e-01 6.129032258064516236e-01 7.096774193548387455e-01
6.969696969696970168e-01 6.666666666666666297e-01 6.875000000000000000e-01 6.129032258064516236e-01 7.096774193548387455e-01
6.969696969696970168e-01 6.666666666666666297e-01 6.875000000000000000e-01 6.129032258064516236e-01 7.096774193548387455e-01
6.969696969696970168e-01 6.666666666666666297e-01 6.875000000000000000e-01 6.129032258064516236e-01 7.096774193548387455e-01
6.969696969696970168e-01 6.666666666666666297e-01 6.875000000000000000e-01 6.129032258064516236e-01 7.096774193548387455e-01
6.969696969696970168e-01 6.666666666666666297e-01 6.875000000000000000e-01 6.129032258064516236e-01 7.096774193548387455e-01
6.969696969696970168e-01 6.666666666666666297e-01 6.875000000000000000e-01 6.129032258064516236e-01 7.096774193548387455e-01
6.969696969696970168e-01 6.666666666666666297e-01 6.875000000000000000e-01 6.129032258064516236e-01 7.096774193548387455e-01
6.969696969696970168e-01 6.666666666666666297e-01 6.875000000000000000e-01 6.129032258064516236e-01 7.096774193548387455e-01
6.969696969696970168e-01 6.666666666666666297e-01 6.875000000000000000e-01 6.129032258064516236e-01 7.096774193548387455e-01
6.969696969696970168e-01 6.666666666666666297e-01 6.875000000000000000e-01 6.129032258064516236e-01 7.096774193548387455e-01
6.969696969696970168e-01 6.666666666666666297e-01 6.875000000000000000e-01 6.129032258064516236e-01 7.096774193548387455e-01
6.969696969696970168e-01 6.666666666666666297e-01 6.875000000000000000e-01 6.129032258064516236e-01 7.096774193548387455e-01
6.969696969696970168e-01 6.666666666666666297e-01 6.875000000000000000e-01 6.129032258064516236e-01 7.096774193548387455e-01
6.969696969696970168e-01 6.666666666666666297e-01 6.875000000000000000e-01 6.129032258064516236e-01 7.096774193548387455e-01
6.969696969696970168e-01 6.666666666666666297e-01 6.875000000000000000e-01 6.129032258064516236e-01 7.096774193548387455e-01
6.666666666666666297e-01 6.666666666666666297e-01 6.875000000000000000e-01 6.774193548387096309e-01 6.774193548387096309e-01
3.333333333333333148e-01 3.333333333333333148e-01 6.875000000000000000e-01 6.774193548387096309e-01 6.774193548387096309e-01
3.333333333333333148e-01 3.333333333333333148e-01 6.875000000000000000e-01 6.774193548387096309e-01 6.774193548387096309e-01
3.333333333333333148e-01 3.333333333333333148e-01 6.875000000000000000e-01 3.225806451612903136e-01 3.225806451612903136e-01
3.333333333333333148e-01 3.333333333333333148e-01 6.875000000000000000e-01 3.225806451612903136e-01 3.225806451612903136e-01
6.666666666666666297e-01 6.666666666666666297e-01 6.875000000000000000e-01 3.225806451612903136e-01 3.225806451612903136e-01
3.333333333333333148e-01 3.333333333333333148e-01 6.875000000000000000e-01 6.774193548387096309e-01 6.774193548387096309e-01
6.666666666666666297e-01 6.666666666666666297e-01 6.875000000000000000e-01 3.225806451612903136e-01 3.225806451612903136e-01
3.333333333333333148e-01 3.333333333333333148e-01 6.875000000000000000e-01 3.225806451612903136e-01 3.225806451612903136e-01
3.333333333333333148e-01 3.333333333333333148e-01 3.125000000000000000e-01 6.774193548387096309e-01 6.774193548387096309e-01
3.333333333333333148e-01 3.333333333333333148e-01 6.875000000000000000e-01 3.225806451612903136e-01 3.225806451612903136e-01
3.333333333333333148e-01 3.333333333333333148e-01 6.875000000000000000e-01 3.225806451612903136e-01 3.225806451612903136e-01
3.333333333333333148e-01 3.333333333333333148e-01 3.125000000000000000e-01 3.225806451612903136e-01 3.225806451612903136e-01
3.333333333333333148e-01 3.333333333333333148e-01 6.875000000000000000e-01 6.774193548387096309e-01 6.774193548387096309e-01
6.666666666666666297e-01 6.666666666666666297e-01 6.875000000000000000e-01 3.225806451612903136e-01 3.225806451612903136e-01
3.333333333333333148e-01 3.333333333333333148e-01 6.875000000000000000e-01 6.774193548387096309e-01 6.774193548387096309e-01
3.333333333333333148e-01 3.333333333333333148e-01 6.875000000000000000e-01 6.774193548387096309e-01 6.774193548387096309e-01
3.333333333333333148e-01 3.333333333333333148e-01 3.125000000000000000e-01 3.225806451612903136e-01 3.225806451612903136e-01
3.333333333333333148e-01 3.333333333333333148e-01 6.875000000000000000e-01 3.225806451612903136e-01 3.225806451612903136e-01
3.333333333333333148e-01 3.333333333333333148e-01 3.125000000000000000e-01 6.774193548387096309e-01 6.774193548387096309e-01
6.666666666666666297e-01 6.666666666666666297e-01 6.875000000000000000e-01 6.774193548387096309e-01 6.774193548387096309e-01
6.666666666666666297e-01 6.666666666666666297e-01 6.875000000000000000e-01 6.774193548387096309e-01 6.774193548387096309e-01
6.666666666666666297e-01 6.666666666666666297e-01 6.875000000000000000e-01 6.774193548387096309e-01 6.774193548387096309e-01
6.666666666666666297e-01 6.666666666666666297e-01 6.875000000000000000e-01 6.774193548387096309e-01 6.774193548387096309e-01
6.666666666666666297e-01 6.666666666666666297e-01 6.875000000000000000e-01 6.774193548387096309e-01 6.774193548387096309e-01
6.666666666666666297e-01 6.666666666666666297e-01 6.875000000000000000e-01 6.774193548387096309e-01 6.774193548387096309e-01
6.666666666666666297e-01 6.666666666666666297e-01 6.875000000000000000e-01 6.774193548387096309e-01 6.774193548387096309e-01
6.666666666666666297e-01 6.666666666666666297e-01 6.875000000000000000e-01 6.774193548387096309e-01 6.774193548387096309e-01
6.666666666666666297e-01 6.666666666666666297e-01 6.875000000000000000e-01 6.774193548387096309e-01 6.774193548387096309e-01
6.666666666666666297e-01 6.666666666666666297e-01 6.875000000000000000e-01 6.774193548387096309e-01 6.774193548387096309e-01
6.666666666666666297e-01 6.666666666666666297e-01 6.875000000000000000e-01 6.774193548387096309e-01 6.774193548387096309e-01
6.666666666666666297e-01 6.666666666666666297e-01 6.875000000000000000e-01 6.774193548387096309e-01 6.774193548387096309e-01
6.666666666666666297e-01 6.666666666666666297e-01 6.875000000000000000e-01 6.774193548387096309e-01 6.774193548387096309e-01
6.666666666666666297e-01 6.666666666666666297e-01 6.875000000000000000e-01 6.774193548387096309e-01 6.774193548387096309e-01
6.666666666666666297e-01 6.666666666666666297e-01 6.875000000000000000e-01 6.774193548387096309e-01 6.774193548387096309e-01
6.666666666666666297e-01 6.666666666666666297e-01 6.875000000000000000e-01 6.774193548387096309e-01 6.774193548387096309e-01
6.666666666666666297e-01 6.666666666666666297e-01 6.875000000000000000e-01 6.774193548387096309e-01 6.774193548387096309e-01
6.666666666666666297e-01 6.666666666666666297e-01 6.875000000000000000e-01 6.774193548387096309e-01 6.774193548387096309e-01
6.666666666666666297e-01 6.666666666666666297e-01 6.875000000000000000e-01 6.774193548387096309e-01 6.774193548387096309e-01
6.666666666666666297e-01 6.666666666666666297e-01 6.875000000000000000e-01 6.774193548387096309e-01 6.774193548387096309e-01
6.666666666666666297e-01 6.666666666666666297e-01 6.875000000000000000e-01 6.774193548387096309e-01 6.774193548387096309e-01
6.666666666666666297e-01 6.666666666666666297e-01 6.875000000000000000e-01 6.774193548387096309e-01 6.774193548387096309e-01
3.333333333333333148e-01 3.333333333333333148e-01 6.875000000000000000e-01 6.774193548387096309e-01 6.774193548387096309e-01
3.333333333333333148e-01 3.333333333333333148e-01 6.875000000000000000e-01 6.774193548387096309e-01 6.774193548387096309e-01
3.333333333333333148e-01 3.333333333333333148e-01 6.875000000000000000e-01 3.225806451612903136e-01 3.225806451612903136e-01
3.333333333333333148e-01 3.333333333333333148e-01 6.875000000000000000e-01 3.225806451612903136e-01 3.225806451612903136e-01
6.666666666666666297e-01 6.666666666666666297e-01 6.875000000000000000e-01 3.225806451612903136e-01 3.225806451612903136e-01
3.333333333333333148e-01 3.333333333333333148e-01 6.875000000000000000e-01 6.774193548387096309e-01 6.774193548387096309e-01
6.666666666666666297e-01 6.666666666666666297e-01 6.875000000000000000e-01 3.225806451612903136e-01 3.225806451612903136e-01
3.333333333333333148e-01 3.333333333333333148e-01 6.875000000000000000e-01 3.225806451612903136e-01 3.225806451612903136e-01
3.333333333333333148e-01 3.333333333333333148e-01 3.125000000000000000e-01 6.774193548387096309e-01 6.774193548387096309e-01
3.333333333333333148e-01 3.333333333333333148e-01 6.875000000000000000e-01 3.225806451612903136e-01 3.225806451612903136e-01
3.333333333333333148e-01 3.333333333333333148e-01 6.875000000000000000e-01 6.774193548387096309e-01 3.225806451612903136e-01
3.333333333333333148e-01 3.333333333333333148e-01 3.125000000000000000e-01 3.225806451612903136e-01 3.225806451612903136e-01
3.333333333333333148e-01 3.333333333333333148e-01 6.875000000000000000e-01 6.774193548387096309e-01 6.774193548387096309e-01
6.666666666666666297e-01 6.666666666666666297e-01 6.875000000000000000e-01 3.225806451612903136e-01 3.225806451612903136e-01
3.333333333333333148e-01 3.333333333333333148e-01 6.875000000000000000e-01 6.774193548387096309e-01 6.774193548387096309e-01
3.333333333333333148e-01 3.333333333333333148e-01 6.875000000000000000e-01 6.774193548387096309e-01 6.774193548387096309e-01
3.333333333333333148e-01 3.333333333333333148e-01 3.125000000000000000e-01 3.225806451612903136e-01 3.225806451612903136e-01
3.333333333333333148e-01 3.333333333333333148e-01 6.875000000000000000e-01 3.225806451612903136e-01 3.225806451612903136e-01
3.333333333333333148e-01 3.333333333333333148e-01 3.125000000000000000e-01 6.774193548387096309e-01 6.774193548387096309e-01
6.666666666666666297e-01 6.666666666666666297e-01 6.875000000000000000e-01 6.774193548387096309e-01 6.774193548387096309e-01
6.666666666666666297e-01 6.666666666666666297e-01 6.875000000000000000e-01 6.774193548387096309e-01 6.774193548387096309e-01
6.666666666666666297e-01 6.666666666666666297e-01 6.875000000000000000e-01 6.774193548387096309e-01 6.774193548387096309e-01
6.666666666666666297e-01 6.666666666666666297e-01 6.875000000000000000e-01 6.774193548387096309e-01 6.774193548387096309e-01
6.666666666666666297e-01 6.666666666666666297e-01 6.875000000000000000e-01 6.774193548387096309e-01 6.774193548387096309e-01
6.666666666666666297e-01 6.666666666666666297e-01 6.875000000000000000e-01 6.774193548387096309e-01 6.774193548387096309e-01
6.666666666666666297e-01 6.666666666666666297e-01 6.875000000000000000e-01 6.774193548387096309e-01 6.774193548387096309e-01
6.666666666666666297e-01 6.666666666666666297e-01 6.875000000000000000e-01 6.774193548387096309e-01 6.774193548387096309e-01
6.666666666666666297e-01 6.666666666666666297e-01 6.875000000000000000e-01 6.774193548387096309e-01 6.774193548387096309e-01
6.666666666666666297e-01 6.666666666666666297e-01 6.875000000000000000e-01 6.774193548387096309e-01 6.774193548387096309e-01
6.666666666666666297e-01 6.666666666666666297e-01 6.875000000000000000e-01 6.774193548387096309e-01 6.774193548387096309e-01
6.666666666666666297e-01 6.666666666666666297e-01 6.875000000000000000e-01 6.774193548387096309e-01 6.774193548387096309e-01
6.666666666666666297e-01 6.666666666666666297e-01 6.875000000000000000e-01 6.774193548387096309e-01 6.774193548387096309e-01
6.666666666666666297e-01 6.666666666666666297e-01 6.875000000000000000e-01 6.774193548387096309e-01 6.774193548387096309e-01
6.666666666666666297e-01 6.666666666666666297e-01 6.875000000000000000e-01 6.774193548387096309e-01 6.774193548387096309e-01
6.666666666666666297e-01 6.666666666666666297e-01 6.875000000000000000e-01 6.774193548387096309e-01 6.774193548387096309e-01
6.666666666666666297e-01 6.666666666666666297e-01 6.875000000000000000e-01 6.774193548387096309e-01 6.774193548387096309e-01
6.666666666666666297e-01 6.666666666666666297e-01 6.875000000000000000e-01 6.774193548387096309e-01 6.774193548387096309e-01
6.666666666666666297e-01 6.666666666666666297e-01 6.875000000000000000e-01 6.774193548387096309e-01 6.774193548387096309e-01
6.666666666666666297e-01 6.666666666666666297e-01 6.875000000000000000e-01 6.774193548387096309e-01 6.774193548387096309e-01
6.666666666666666297e-01 6.666666666666666297e-01 6.875000000000000000e-01 6.774193548387096309e-01 6.774193548387096309e-01
6.969696969696970168e-01 6.666666666666666297e-01 6.875000000000000000e-01 6.774193548387096309e-01 6.774193548387096309e-01
3.333333333333333148e-01 3.333333333333333148e-01 6.875000000000000000e-01 6.774193548387096309e-01 6.774193548387096309e-01
3.333333333333333148e-01 3.333333333333333148e-01 6.875000000000000000e-01 6.774193548387096309e-01 6.774193548387096309e-01
3.333333333333333148e-01 3.333333333333333148e-01 6.875000000000000000e-01 3.225806451612903136e-01 3.225806451612903136e-01
3.333333333333333148e-01 3.333333333333333148e-01 6.875000000000000000e-01 3.225806451612903136e-01 3.225806451612903136e-01
6.666666666666666297e-01 6.666666666666666297e-01 6.875000000000000000e-01 3.225806451612903136e-01 3.225806451612903136e-01
3.333333333333333148e-01 3.333333333333333148e-01 6.875000000000000000e-01 6.774193548387096309e-01 6.774193548387096309e-01
6.666666666666666297e-01 6.666666666666666297e-01 6.875000000000000000e-01 3.225806451612903136e-01 3.225806451612903136e-01
3.333333333333333148e-01 3.333333333333333148e-01 6.875000000000000000e-01 3.225806451612903136e-01 3.225806451612903136e-01
3.333333333333333148e-01 3.333333333333333148e-01 3.125000000000000000e-01 6.774193548387096309e-01 6.774193548387096309e-01
3.333333333333333148e-01 3.333333333333333148e-01 6.875000000000000000e-01 3.225806451612903136e-01 3.225806451612903136e-01
3.333333333333333148e-01 3.333333333333333148e-01 6.875000000000000000e-01 6.774193548387096309e-01 6.774193548387096309e-01
3.333333333333333148e-01 3.333333333333333148e-01 3.125000000000000000e-01 3.225806451612903136e-01 3.225806451612903136e-01
3.333333333333333148e-01 3.333333333333333148e-01 6.875000000000000000e-01 6.774193548387096309e-01 6.774193548387096309e-01
6.666666666666666297e-01 6.666666666666666297e-01 6.875000000000000000e-01 3.225806451612903136e-01 3.225806451612903136e-01
3.333333333333333148e-01 3.333333333333333148e-01 6.875000000000000000e-01 6.774193548387096309e-01 6.774193548387096309e-01
3.333333333333333148e-01 3.333333333333333148e-01 6.875000000000000000e-01 6.774193548387096309e-01 6.774193548387096309e-01
3.333333333333333148e-01 3.333333333333333148e-01 3.125000000000000000e-01 3.225806451612903136e-01 3.225806451612903136e-01
3.333333333333333148e-01 3.333333333333333148e-01 6.875000000000000000e-01 3.225806451612903136e-01 3.225806451612903136e-01
3.333333333333333148e-01 3.333333333333333148e-01 3.125000000000000000e-01 6.774193548387096309e-01 6.774193548387096309e-01
6.666666666666666297e-01 6.666666666666666297e-01 6.875000000000000000e-01 6.774193548387096309e-01 6.774193548387096309e-01
6.666666666666666297e-01 6.666666666666666297e-01 6.875000000000000000e-01 6.774193548387096309e-01 6.774193548387096309e-01
6.666666666666666297e-01 6.666666666666666297e-01 6.875000000000000000e-01 6.774193548387096309e-01 6.774193548387096309e-01
6.666666666666666297e-01 6.666666666666666297e-01 6.875000000000000000e-01 6.774193548387096309e-01 6.774193548387096309e-01
6.666666666666666297e-01 6.666666666666666297e-01 6.875000000000000000e-01 6.774193548387096309e-01 6.774193548387096309e-01
6.666666666666666297e-01 6.666666666666666297e-01 6.875000000000000000e-01 6.774193548387096309e-01 6.774193548387096309e-01
6.666666666666666297e-01 6.666666666666666297e-01 6.875000000000000000e-01 6.774193548387096309e-01 6.774193548387096309e-01
6.666666666666666297e-01 6.666666666666666297e-01 6.875000000000000000e-01 6.774193548387096309e-01 6.774193548387096309e-01
6.666666666666666297e-01 6.666666666666666297e-01 6.875000000000000000e-01 6.774193548387096309e-01 6.774193548387096309e-01
6.666666666666666297e-01 6.666666666666666297e-01 6.875000000000000000e-01 6.774193548387096309e-01 6.774193548387096309e-01
6.666666666666666297e-01 6.666666666666666297e-01 6.875000000000000000e-01 6.774193548387096309e-01 6.774193548387096309e-01
6.666666666666666297e-01 6.666666666666666297e-01 6.875000000000000000e-01 6.774193548387096309e-01 6.774193548387096309e-01
6.666666666666666297e-01 6.666666666666666297e-01 6.875000000000000000e-01 6.774193548387096309e-01 6.774193548387096309e-01
6.666666666666666297e-01 6.666666666666666297e-01 6.875000000000000000e-01 6.774193548387096309e-01 6.774193548387096309e-01
6.666666666666666297e-01 6.666666666666666297e-01 6.875000000000000000e-01 6.774193548387096309e-01 6.774193548387096309e-01
6.666666666666666297e-01 6.666666666666666297e-01 6.875000000000000000e-01 6.774193548387096309e-01 6.774193548387096309e-01
6.666666666666666297e-01 6.666666666666666297e-01 6.875000000000000000e-01 6.774193548387096309e-01 6.774193548387096309e-01
6.666666666666666297e-01 6.666666666666666297e-01 6.875000000000000000e-01 6.774193548387096309e-01 6.774193548387096309e-01
6.666666666666666297e-01 6.666666666666666297e-01 6.875000000000000000e-01 6.774193548387096309e-01 6.774193548387096309e-01
6.666666666666666297e-01 6.666666666666666297e-01 6.875000000000000000e-01 6.774193548387096309e-01 6.774193548387096309e-01
6.666666666666666297e-01 6.666666666666666297e-01 6.875000000000000000e-01 6.774193548387096309e-01 6.774193548387096309e-01
6.666666666666666297e-01 6.666666666666666297e-01 6.875000000000000000e-01 6.774193548387096309e-01 6.774193548387096309e-01
3.333333333333333148e-01 3.333333333333333148e-01 6.875000000000000000e-01 6.774193548387096309e-01 6.774193548387096309e-01
3.333333333333333148e-01 3.333333333333333148e-01 6.875000000000000000e-01 6.774193548387096309e-01 6.774193548387096309e-01
3.333333333333333148e-01 3.333333333333333148e-01 6.875000000000000000e-01 3.225806451612903136e-01 3.225806451612903136e-01
3.333333333333333148e-01 3.333333333333333148e-01 6.875000000000000000e-01 3.225806451612903136e-01 3.225806451612903136e-01
6.666666666666666297e-01 6.666666666666666297e-01 6.875000000000000000e-01 3.225806451612903136e-01 3.225806451612903136e-01
3.333333333333333148e-01 3.333333333333333148e-01 6.875000000000000000e-01 6.774193548387096309e-01 6.774193548387096309e-01
6.666666666666666297e-01 6.666666666666666297e-01 6.875000000000000000e-01 3.225806451612903136e-01 3.225806451612903136e-01
3.333333333333333148e-01 3.333333333333333148e-01 6.875000000000000000e-01 3.225806451612903136e-01 3.225806451612903136e-01
3.333333333333333148e-01 3.333333333333333148e-01 3.125000000000000000e-01 6.774193548387096309e-01 6.774193548387096309e-01
3.333333333333333148e-01 3.333333333333333148e-01 6.875000000000000000e-01 3.225806451612903136e-01 3.225806451612903136e-01
3.333333333333333148e-01 3.333333333333333148e-01 6.875000000000000000e-01 6.774193548387096309e-01 6.774193548387096309e-01
3.333333333333333148e-01 3.333333333333333148e-01 3.125000000000000000e-01 3.225806451612903136e-01 3.225806451612903136e-01
3.333333333333333148e-01 3.333333333333333148e-01 6.875000000000000000e-01 6.774193548387096309e-01 6.774193548387096309e-01
6.666666666666666297e-01 6.666666666666666297e-01 6.875000000000000000e-01 3.225806451612903136e-01 3.225806451612903136e-01
3.333333333333333148e-01 3.333333333333333148e-01 6.875000000000000000e-01 6.774193548387096309e-01 6.774193548387096309e-01
3.333333333333333148e-01 3.333333333333333148e-01 6.875000000000000000e-01 6.774193548387096309e-01 6.774193548387096309e-01
3.333333333333333148e-01 3.333333333333333148e-01 3.125000000000000000e-01 3.225806451612903136e-01 3.225806451612903136e-01
3.333333333333333148e-01 3.333333333333333148e-01 6.875000000000000000e-01 3.225806451612903136e-01 3.225806451612903136e-01
3.333333333333333148e-01 3.333333333333333148e-01 3.125000000000000000e-01 6.774193548387096309e-01 6.774193548387096309e-01
6.666666666666666297e-01 6.666666666666666297e-01 6.875000000000000000e-01 6.774193548387096309e-01 6.774193548387096309e-01
6.666666666666666297e-01 6.666666666666666297e-01 6.875000000000000000e-01 6.774193548387096309e-01 6.774193548387096309e-01
6.666666666666666297e-01 6.666666666666666297e-01 6.875000000000000000e-01 6.774193548387096309e-01 6.774193548387096309e-01
6.666666666666666297e-01 6.666666666666666297e-01 6.875000000000000000e-01 6.774193548387096309e-01 6.774193548387096309e-01
6.666666666666666297e-01 6.666666666666666297e-01 6.875000000000000000e-01 6.774193548387096309e-01 6.774193548387096309e-01
6.666666666666666297e-01 6.666666666666666297e-01 6.875000000000000000e-01 6.774193548387096309e-01 6.774193548387096309e-01
6.666666666666666297e-01 6.666666666666666297e-01 6.875000000000000000e-01 6.774193548387096309e-01 6.774193548387096309e-01
6.666666666666666297e-01 6.666666666666666297e-01 6.875000000000000000e-01 6.774193548387096309e-01 6.774193548387096309e-01
6.666666666666666297e-01 6.666666666666666297e-01 6.875000000000000000e-01 6.774193548387096309e-01 6.774193548387096309e-01
6.666666666666666297e-01 6.666666666666666297e-01 6.875000000000000000e-01 6.774193548387096309e-01 6.774193548387096309e-01
6.666666666666666297e-01 6.666666666666666297e-01 6.875000000000000000e-01 6.774193548387096309e-01 6.774193548387096309e-01
6.666666666666666297e-01 6.666666666666666297e-01 6.875000000000000000e-01 6.774193548387096309e-01 6.774193548387096309e-01
6.666666666666666297e-01 6.666666666666666297e-01 6.875000000000000000e-01 6.774193548387096309e-01 6.774193548387096309e-01
6.666666666666666297e-01 6.666666666666666297e-01 6.875000000000000000e-01 6.774193548387096309e-01 6.774193548387096309e-01
6.666666666666666297e-01 6.666666666666666297e-01 6.875000000000000000e-01 6.774193548387096309e-01 6.774193548387096309e-01
6.666666666666666297e-01 6.666666666666666297e-01 6.875000000000000000e-01 6.774193548387096309e-01 6.774193548387096309e-01
6.666666666666666297e-01 6.666666666666666297e-01 6.875000000000000000e-01 6.774193548387096309e-01 6.774193548387096309e-01
6.666666666666666297e-01 6.666666666666666297e-01 6.875000000000000000e-01 6.774193548387096309e-01 6.774193548387096309e-01
6.666666666666666297e-01 6.666666666666666297e-01 6.875000000000000000e-01 6.774193548387096309e-01 6.774193548387096309e-01
6.666666666666666297e-01 6.666666666666666297e-01 6.875000000000000000e-01 6.774193548387096309e-01 6.774193548387096309e-01
6.666666666666666297e-01 6.666666666666666297e-01 6.875000000000000000e-01 6.774193548387096309e-01 6.774193548387096309e-01
6.666666666666666297e-01 6.666666666666666297e-01 6.875000000000000000e-01 6.774193548387096309e-01 6.774193548387096309e-01
3.333333333333333148e-01 3.333333333333333148e-01 6.875000000000000000e-01 6.774193548387096309e-01 6.774193548387096309e-01
3.333333333333333148e-01 3.333333333333333148e-01 6.875000000000000000e-01 6.774193548387096309e-01 6.774193548387096309e-01
3.333333333333333148e-01 3.333333333333333148e-01 6.875000000000000000e-01 3.225806451612903136e-01 3.225806451612903136e-01
3.333333333333333148e-01 3.333333333333333148e-01 6.875000000000000000e-01 3.225806451612903136e-01 3.225806451612903136e-01
6.666666666666666297e-01 6.666666666666666297e-01 6.875000000000000000e-01 3.225806451612903136e-01 3.225806451612903136e-01
3.333333333333333148e-01 3.333333333333333148e-01 6.875000000000000000e-01 6.774193548387096309e-01 6.774193548387096309e-01
6.666666666666666297e-01 6.666666666666666297e-01 6.875000000000000000e-01 3.225806451612903136e-01 3.225806451612903136e-01
3.333333333333333148e-01 3.333333333333333148e-01 6.875000000000000000e-01 3.225806451612903136e-01 3.225806451612903136e-01
3.333333333333333148e-01 3.333333333333333148e-01 3.125000000000000000e-01 6.774193548387096309e-01 6.774193548387096309e-01
3.333333333333333148e-01 3.333333333333333148e-01 6.875000000000000000e-01 3.225806451612903136e-01 3.225806451612903136e-01
3.333333333333333148e-01 3.333333333333333148e-01 6.875000000000000000e-01 6.774193548387096309e-01 6.774193548387096309e-01
3.333333333333333148e-01 3.333333333333333148e-01 3.125000000000000000e-01 3.225806451612903136e-01 3.225806451612903136e-01
3.333333333333333148e-01 3.333333333333333148e-01 6.875000000000000000e-01 6.774193548387096309e-01 6.774193548387096309e-01
6.666666666666666297e-01 6.666666666666666297e-01 6.875000000000000000e-01 3.225806451612903136e-01 3.225806451612903136e-01
3.333333333333333148e-01 3.333333333333333148e-01 6.875000000000000000e-01 6.774193548387096309e-01 6.774193548387096309e-01
3.333333333333333148e-01 3.333333333333333148e-01 6.875000000000000000e-01 6.774193548387096309e-01 6.774193548387096309e-01
3.333333333333333148e-01 3.333333333333333148e-01 3.125000000000000000e-01 3.225806451612903136e-01 3.225806451612903136e-01
3.333333333333333148e-01 3.333333333333333148e-01 6.875000000000000000e-01 3.225806451612903136e-01 3.225806451612903136e-01
3.333333333333333148e-01 3.333333333333333148e-01 3.125000000000000000e-01 6.774193548387096309e-01 6.774193548387096309e-01
6.666666666666666297e-01 6.666666666666666297e-01 6.875000000000000000e-01 6.774193548387096309e-01 6.774193548387096309e-01
6.666666666666666297e-01 6.666666666666666297e-01 6.875000000000000000e-01 6.774193548387096309e-01 6.774193548387096309e-01
6.666666666666666297e-01 6.666666666666666297e-01 6.875000000000000000e-01 6.774193548387096309e-01 6.774193548387096309e-01
6.666666666666666297e-01 6.666666666666666297e-01 6.875000000000000000e-01 6.774193548387096309e-01 6.774193548387096309e-01
6.666666666666666297e-01 6.666666666666666297e-01 6.875000000000000000e-01 6.774193548387096309e-01 6.774193548387096309e-01
6.666666666666666297e-01 6.666666666666666297e-01 6.875000000000000000e-01 6.774193548387096309e-01 6.774193548387096309e-01
6.666666666666666297e-01 6.666666666666666297e-01 6.875000000000000000e-01 6.774193548387096309e-01 6.774193548387096309e-01
6.666666666666666297e-01 6.666666666666666297e-01 6.875000000000000000e-01 6.774193548387096309e-01 6.774193548387096309e-01
6.666666666666666297e-01 6.666666666666666297e-01 6.875000000000000000e-01 6.774193548387096309e-01 6.774193548387096309e-01
6.666666666666666297e-01 6.666666666666666297e-01 6.875000000000000000e-01 6.774193548387096309e-01 6.774193548387096309e-01
6.666666666666666297e-01 6.666666666666666297e-01 6.875000000000000000e-01 6.774193548387096309e-01 6.774193548387096309e-01
6.666666666666666297e-01 6.666666666666666297e-01 6.875000000000000000e-01 6.774193548387096309e-01 6.774193548387096309e-01
6.666666666666666297e-01 6.666666666666666297e-01 6.875000000000000000e-01 6.774193548387096309e-01 6.774193548387096309e-01
6.666666666666666297e-01 6.666666666666666297e-01 6.875000000000000000e-01 6.774193548387096309e-01 6.774193548387096309e-01
6.666666666666666297e-01 6.666666666666666297e-01 6.875000000000000000e-01 6.774193548387096309e-01 6.774193548387096309e-01
6.666666666666666297e-01 6.666666666666666297e-01 6.875000000000000000e-01 6.774193548387096309e-01 6.774193548387096309e-01
6.666666666666666297e-01 6.666666666666666297e-01 6.875000000000000000e-01 6.774193548387096309e-01 6.774193548387096309e-01
6.666666666666666297e-01 6.666666666666666297e-01 6.875000000000000000e-01 6.774193548387096309e-01 6.774193548387096309e-01
6.666666666666666297e-01 6.666666666666666297e-01 6.875000000000000000e-01 6.774193548387096309e-01 6.774193548387096309e-01
6.666666666666666297e-01 6.666666666666666297e-01 6.875000000000000000e-01 6.774193548387096309e-01 6.774193548387096309e-01
6.666666666666666297e-01 6.666666666666666297e-01 6.875000000000000000e-01 6.774193548387096309e-01 6.774193548387096309e-01
6.666666666666666297e-01 6.666666666666666297e-01 6.875000000000000000e-01 6.774193548387096309e-01 6.774193548387096309e-01
3.333333333333333148e-01 3.333333333333333148e-01 6.875000000000000000e-01 6.774193548387096309e-01 6.774193548387096309e-01
3.333333333333333148e-01 3.333333333333333148e-01 6.875000000000000000e-01 6.774193548387096309e-01 6.774193548387096309e-01
3.333333333333333148e-01 3.333333333333333148e-01 6.875000000000000000e-01 3.225806451612903136e-01 3.225806451612903136e-01
3.333333333333333148e-01 3.333333333333333148e-01 6.875000000000000000e-01 3.225806451612903136e-01 3.225806451612903136e-01
6.666666666666666297e-01 6.666666666666666297e-01 6.875000000000000000e-01 3.225806451612903136e-01 3.225806451612903136e-01
3.333333333333333148e-01 3.333333333333333148e-01 6.875000000000000000e-01 6.774193548387096309e-01 6.774193548387096309e-01
6.666666666666666297e-01 6.666666666666666297e-01 6.875000000000000000e-01 3.225806451612903136e-01 3.225806451612903136e-01
3.333333333333333148e-01 3.333333333333333148e-01 6.875000000000000000e-01 3.225806451612903136e-01 3.225806451612903136e-01
3.333333333333333148e-01 3.333333333333333148e-01 3.125000000000000000e-01 6.774193548387096309e-01 6.774193548387096309e-01
3.333333333333333148e-01 3.333333333333333148e-01 6.875000000000000000e-01 3.225806451612903136e-01 3.225806451612903136e-01
3.333333333333333148e-01 3.333333333333333148e-01 6.875000000000000000e-01 6.774193548387096309e-01 6.774193548387096309e-01
3.333333333333333148e-01 3.333333333333333148e-01 3.125000000000000000e-01 3.225806451612903136e-01 3.225806451612903136e-01
3.333333333333333148e-01 3.333333333333333148e-01 6.875000000000000000e-01 6.774193548387096309e-01 6.774193548387096309e-01
6.666666666666666297e-01 6.666666666666666297e-01 6.875000000000000000e-01 3.225806451612903136e-01 3.225806451612903136e-01
3.333333333333333148e-01 3.333333333333333148e-01 6.875000000000000000e-01 6.774193548387096309e-01 6.774193548387096309e-01
3.333333333333333148e-01 3.333333333333333148e-01 6.875000000000000000e-01 6.774193548387096309e-01 6.774193548387096309e-01
3.333333333333333148e-01 3.333333333333333148e-01 3.125000000000000000e-01 3.225806451612903136e-01 3.225806451612903136e-01
3.333333333333333148e-01 3.333333333333333148e-01 6.875000000000000000e-01 3.225806451612903136e-01 3.225806451612903136e-01
3.333333333333333148e-01 3.333333333333333148e-01 3.125000000000000000e-01 6.774193548387096309e-01 6.774193548387096309e-01
6.666666666666666297e-01 6.666666666666666297e-01 6.875000000000000000e-01 6.774193548387096309e-01 6.774193548387096309e-01
6.666666666666666297e-01 6.666666666666666297e-01 6.875000000000000000e-01 6.774193548387096309e-01 6.774193548387096309e-01
6.666666666666666297e-01 6.666666666666666297e-01 6.875000000000000000e-01 6.774193548387096309e-01 6.774193548387096309e-01
6.666666666666666297e-01 6.666666666666666297e-01 6.875000000000000000e-01 6.774193548387096309e-01 6.774193548387096309e-01
6.666666666666666297e-01 6.666666666666666297e-01 6.875000000000000000e-01 6.774193548387096309e-01 6.774193548387096309e-01
6.666666666666666297e-01 6.666666666666666297e-01 6.875000000000000000e-01 6.774193548387096309e-01 6.774193548387096309e-01
6.666666666666666297e-01 6.666666666666666297e-01 6.875000000000000000e-01 6.774193548387096309e-01 6.774193548387096309e-01
6.666666666666666297e-01 6.666666666666666297e-01 6.875000000000000000e-01 6.774193548387096309e-01 6.774193548387096309e-01
6.666666666666666297e-01 6.666666666666666297e-01 6.875000000000000000e-01 6.774193548387096309e-01 6.774193548387096309e-01
6.666666666666666297e-01 6.666666666666666297e-01 6.875000000000000000e-01 6.774193548387096309e-01 6.774193548387096309e-01
6.666666666666666297e-01 6.666666666666666297e-01 6.875000000000000000e-01 6.774193548387096309e-01 6.774193548387096309e-01
6.666666666666666297e-01 6.666666666666666297e-01 6.875000000000000000e-01 6.774193548387096309e-01 6.774193548387096309e-01
6.666666666666666297e-01 6.666666666666666297e-01 6.875000000000000000e-01 6.774193548387096309e-01 6.774193548387096309e-01
6.666666666666666297e-01 6.666666666666666297e-01 6.875000000000000000e-01 6.774193548387096309e-01 6.774193548387096309e-01
6.666666666666666297e-01 6.666666666666666297e-01 6.875000000000000000e-01 6.774193548387096309e-01 6.774193548387096309e-01
6.666666666666666297e-01 6.666666666666666297e-01 6.875000000000000000e-01 6.774193548387096309e-01 6.774193548387096309e-01
6.666666666666666297e-01 6.666666666666666297e-01 6.875000000000000000e-01 6.774193548387096309e-01 6.774193548387096309e-01
6.666666666666666297e-01 6.666666666666666297e-01 6.875000000000000000e-01 6.774193548387096309e-01 6.774193548387096309e-01
6.666666666666666297e-01 6.666666666666666297e-01 6.875000000000000000e-01 6.774193548387096309e-01 6.774193548387096309e-01
6.666666666666666297e-01 6.666666666666666297e-01 6.875000000000000000e-01 6.774193548387096309e-01 6.774193548387096309e-01
6.666666666666666297e-01 6.666666666666666297e-01 6.875000000000000000e-01 6.774193548387096309e-01 6.774193548387096309e-01
6.666666666666666297e-01 6.666666666666666297e-01 6.875000000000000000e-01 6.774193548387096309e-01 6.774193548387096309e-01
3.333333333333333148e-01 3.333333333333333148e-01 6.875000000000000000e-01 6.774193548387096309e-01 6.774193548387096309e-01
3.333333333333333148e-01 3.333333333333333148e-01 6.875000000000000000e-01 6.774193548387096309e-01 6.774193548387096309e-01
3.333333333333333148e-01 3.333333333333333148e-01 6.875000000000000000e-01 3.225806451612903136e-01 3.225806451612903136e-01
3.333333333333333148e-01 3.333333333333333148e-01 6.875000000000000000e-01 3.225806451612903136e-01 3.225806451612903136e-01
6.666666666666666297e-01 6.666666666666666297e-01 6.875000000000000000e-01 3.225806451612903136e-01 3.225806451612903136e-01
3.333333333333333148e-01 3.333333333333333148e-01 6.875000000000000000e-01 6.774193548387096309e-01 6.774193548387096309e-01
6.666666666666666297e-01 6.666666666666666297e-01 6.875000000000000000e-01 3.225806451612903136e-01 3.225806451612903136e-01
3.333333333333333148e-01 3.333333333333333148e-01 6.875000000000000000e-01 3.225806451612903136e-01 3.225806451612903136e-01
3.333333333333333148e-01 3.333333333333333148e-01 3.125000000000000000e-01 6.774193548387096309e-01 6.774193548387096309e-01
3.333333333333333148e-01 3.333333333333333148e-01 6.875000000000000000e-01 3.225806451612903136e-01 3.225806451612903136e-01
3.333333333333333148e-01 3.333333333333333148e-01 6.875000000000000000e-01 6.774193548387096309e-01 6.774193548387096309e-01
3.333333333333333148e-01 3.333333333333333148e-01 3.125000000000000000e-01 3.225806451612903136e-01 3.225806451612903136e-01
3.333333333333333148e-01 3.333333333333333148e-01 6.875000000000000000e-01 6.774193548387096309e-01 6.774193548387096309e-01
6.666666666666666297e-01 6.666666666666666297e-01 6.875000000000000000e-01 3.225806451612903136e-01 3.225806451612903136e-01
3.333333333333333148e-01 3.333333333333333148e-01 6.875000000000000000e-01 6.774193548387096309e-01 6.774193548387096309e-01
3.333333333333333148e-01 3.333333333333333148e-01 6.875000000000000000e-01 6.774193548387096309e-01 6.774193548387096309e-01
3.333333333333333148e-01 3.333333333333333148e-01 3.125000000000000000e-01 3.225806451612903136e-01 3.225806451612903136e-01
3.333333333333333148e-01 3.333333333333333148e-01 6.875000000000000000e-01 3.225806451612903136e-01 3.225806451612903136e-01
3.333333333333333148e-01 3.333333333333333148e-01 3.125000000000000000e-01 6.774193548387096309e-01 6.774193548387096309e-01
6.666666666666666297e-01 6.666666666666666297e-01 6.875000000000000000e-01 6.774193548387096309e-01 6.774193548387096309e-01
6.666666666666666297e-01 6.666666666666666297e-01 6.875000000000000000e-01 6.774193548387096309e-01 6.774193548387096309e-01
6.666666666666666297e-01 6.666666666666666297e-01 6.875000000000000000e-01 6.774193548387096309e-01 6.774193548387096309e-01
6.666666666666666297e-01 6.666666666666666297e-01 6.875000000000000000e-01 6.774193548387096309e-01 6.774193548387096309e-01
6.666666666666666297e-01 6.666666666666666297e-01 6.875000000000000000e-01 6.774193548387096309e-01 6.774193548387096309e-01
6.666666666666666297e-01 6.666666666666666297e-01 6.875000000000000000e-01 6.774193548387096309e-01 6.774193548387096309e-01
6.666666666666666297e-01 6.666666666666666297e-01 6.875000000000000000e-01 6.774193548387096309e-01 6.774193548387096309e-01
6.666666666666666297e-01 6.666666666666666297e-01 6.875000000000000000e-01 6.774193548387096309e-01 6.774193548387096309e-01
6.666666666666666297e-01 6.666666666666666297e-01 6.875000000000000000e-01 6.774193548387096309e-01 6.774193548387096309e-01
6.666666666666666297e-01 6.666666666666666297e-01 6.875000000000000000e-01 6.774193548387096309e-01 6.774193548387096309e-01
6.666666666666666297e-01 6.666666666666666297e-01 6.875000000000000000e-01 6.774193548387096309e-01 6.774193548387096309e-01
6.666666666666666297e-01 6.666666666666666297e-01 6.875000000000000000e-01 6.774193548387096309e-01 6.774193548387096309e-01
6.666666666666666297e-01 6.666666666666666297e-01 6.875000000000000000e-01 6.774193548387096309e-01 6.774193548387096309e-01
6.666666666666666297e-01 6.666666666666666297e-01 6.875000000000000000e-01 6.774193548387096309e-01 6.774193548387096309e-01
6.666666666666666297e-01 6.666666666666666297e-01 6.875000000000000000e-01 6.774193548387096309e-01 6.774193548387096309e-01
6.666666666666666297e-01 6.666666666666666297e-01 6.875000000000000000e-01 6.774193548387096309e-01 6.774193548387096309e-01
6.666666666666666297e-01 6.666666666666666297e-01 6.875000000000000000e-01 6.774193548387096309e-01 6.774193548387096309e-01
6.666666666666666297e-01 6.666666666666666297e-01 6.875000000000000000e-01 6.774193548387096309e-01 6.774193548387096309e-01
6.666666666666666297e-01 6.666666666666666297e-01 6.875000000000000000e-01 6.774193548387096309e-01 6.774193548387096309e-01
6.666666666666666297e-01 6.666666666666666297e-01 6.875000000000000000e-01 6.774193548387096309e-01 6.774193548387096309e-01
6.666666666666666297e-01 6.666666666666666297e-01 6.875000000000000000e-01 6.774193548387096309e-01 6.774193548387096309e-01
6.666666666666666297e-01 6.666666666666666297e-01 6.875000000000000000e-01 6.774193548387096309e-01 6.774193548387096309e-01
3.333333333333333148e-01 3.333333333333333148e-01 6.875000000000000000e-01 6.774193548387096309e-01 6.774193548387096309e-01
3.333333333333333148e-01 3.333333333333333148e-01 6.875000000000000000e-01 6.774193548387096309e-01 6.774193548387096309e-01
3.333333333333333148e-01 3.333333333333333148e-01 6.875000000000000000e-01 3.225806451612903136e-01 3.225806451612903136e-01
3.333333333333333148e-01 3.333333333333333148e-01 6.875000000000000000e-01 3.225806451612903136e-01 3.225806451612903136e-01
6.666666666666666297e-01 6.666666666666666297e-01 6.875000000000000000e-01 3.225806451612903136e-01 3.225806451612903136e-01
3.333333333333333148e-01 3.333333333333333148e-01 6.875000000000000000e-01 6.774193548387096309e-01 6.774193548387096309e-01
6.666666666666666297e-01 6.666666666666666297e-01 6.875000000000000000e-01 3.225806451612903136e-01 3.225806451612903136e-01
3.333333333333333148e-01 3.333333333333333148e-01 6.875000000000000000e-01 3.225806451612903136e-01 3.225806451612903136e-01
3.333333333333333148e-01 3.333333333333333148e-01 3.125000000000000000e-01 6.774193548387096309e-01 6.774193548387096309e-01
3.333333333333333148e-01 3.333333333333333148e-01 6.875000000000000000e-01 3.225806451612903136e-01 3.225806451612903136e-01
3.333333333333333148e-01 3.333333333333333148e-01 6.875000000000000000e-01 6.774193548387096309e-01 6.774193548387096309e-01
3.333333333333333148e-01 3.333333333333333148e-01 3.125000000000000000e-01 3.225806451612903136e-01 3.225806451612903136e-01
3.333333333333333148e-01 3.333333333333333148e-01 6.875000000000000000e-01 6.774193548387096309e-01 6.774193548387096309e-01
6.666666666666666297e-01 6.666666666666666297e-01 6.875000000000000000e-01 3.225806451612903136e-01 3.225806451612903136e-01
3.333333333333333148e-01 3.333333333333333148e-01 6.875000000000000000e-01 6.774193548387096309e-01 6.774193548387096309e-01
3.333333333333333148e-01 3.333333333333333148e-01 6.875000000000000000e-01 6.774193548387096309e-01 6.774193548387096309e-01
3.333333333333333148e-01 3.333333333333333148e-01 3.125000000000000000e-01 3.225806451612903136e-01 3.225806451612903136e-01
3.333333333333333148e-01 3.333333333333333148e-01 6.875000000000000000e-01 3.225806451612903136e-01 3.225806451612903136e-01
3.333333333333333148e-01 3.333333333333333148e-01 3.125000000000000000e-01 6.774193548387096309e-01 6.774193548387096309e-01
6.666666666666666297e-01 6.666666666666666297e-01 6.875000000000000000e-01 6.774193548387096309e-01 6.774193548387096309e-01
6.666666666666666297e-01 6.666666666666666297e-01 6.875000000000000000e-01 6.774193548387096309e-01 6.774193548387096309e-01
6.666666666666666297e-01 6.666666666666666297e-01 6.875000000000000000e-01 6.774193548387096309e-01 6.774193548387096309e-01
6.666666666666666297e-01 6.666666666666666297e-01 6.875000000000000000e-01 6.774193548387096309e-01 6.774193548387096309e-01
6.666666666666666297e-01 6.666666666666666297e-01 6.875000000000000000e-01 6.774193548387096309e-01 6.774193548387096309e-01
6.666666666666666297e-01 6.666666666666666297e-01 6.875000000000000000e-01 6.774193548387096309e-01 6.774193548387096309e-01
6.666666666666666297e-01 6.666666666666666297e-01 6.875000000000000000e-01 6.774193548387096309e-01 6.774193548387096309e-01
6.666666666666666297e-01 6.666666666666666297e-01 6.875000000000000000e-01 6.774193548387096309e-01 6.774193548387096309e-01
6.666666666666666297e-01 6.666666666666666297e-01 6.875000000000000000e-01 6.774193548387096309e-01 6.774193548387096309e-01
6.666666666666666297e-01 6.666666666666666297e-01 6.875000000000000000e-01 6.774193548387096309e-01 6.774193548387096309e-01
6.666666666666666297e-01 6.666666666666666297e-01 6.875000000000000000e-01 6.774193548387096309e-01 6.774193548387096309e-01
6.666666666666666297e-01 6.666666666666666297e-01 6.875000000000000000e-01 6.774193548387096309e-01 6.774193548387096309e-01
6.666666666666666297e-01 6.666666666666666297e-01 6.875000000000000000e-01 6.774193548387096309e-01 6.774193548387096309e-01
6.666666666666666297e-01 6.666666666666666297e-01 6.875000000000000000e-01 6.774193548387096309e-01 6.774193548387096309e-01
6.666666666666666297e-01 6.666666666666666297e-01 6.875000000000000000e-01 6.774193548387096309e-01 6.774193548387096309e-01
6.666666666666666297e-01 6.666666666666666297e-01 6.875000000000000000e-01 6.774193548387096309e-01 6.774193548387096309e-01
6.666666666666666297e-01 6.666666666666666297e-01 6.875000000000000000e-01 6.774193548387096309e-01 6.774193548387096309e-01
6.666666666666666297e-01 6.666666666666666297e-01 6.875000000000000000e-01 6.774193548387096309e-01 6.774193548387096309e-01
6.666666666666666297e-01 6.666666666666666297e-01 6.875000000000000000e-01 6.774193548387096309e-01 6.774193548387096309e-01
6.666666666666666297e-01 6.666666666666666297e-01 6.875000000000000000e-01 6.774193548387096309e-01 6.774193548387096309e-01
6.666666666666666297e-01 6.666666666666666297e-01 6.875000000000000000e-01 6.774193548387096309e-01 6.774193548387096309e-01
6.666666666666666297e-01 6.666666666666666297e-01 6.875000000000000000e-01 6.774193548387096309e-01 6.774193548387096309e-01
3.333333333333333148e-01 3.333333333333333148e-01 6.875000000000000000e-01 6.774193548387096309e-01 6.774193548387096309e-01
3.333333333333333148e-01 3.333333333333333148e-01 6.875000000000000000e-01 6.774193548387096309e-01 6.774193548387096309e-01
3.333333333333333148e-01 3.333333333333333148e-01 6.875000000000000000e-01 3.225806451612903136e-01 3.225806451612903136e-01
3.333333333333333148e-01 3.333333333333333148e-01 6.875000000000000000e-01 3.225806451612903136e-01 3.225806451612903136e-01
6.666666666666666297e-01 6.666666666666666297e-01 6.875000000000000000e-01 3.225806451612903136e-01 3.225806451612903136e-01
3.333333333333333148e-01 3.333333333333333148e-01 6.875000000000000000e-01 6.774193548387096309e-01 6.774193548387096309e-01
6.666666666666666297e-01 6.666666666666666297e-01 6.875000000000000000e-01 3.225806451612903136e-01 3.225806451612903136e-01
3.333333333333333148e-01 3.333333333333333148e-01 6.875000000000000000e-01 3.225806451612903136e-01 3.225806451612903136e-01
3.333333333333333148e-01 3.333333333333333148e-01 3.125000000000000000e-01 6.774193548387096309e-01 6.774193548387096309e-01
3.333333333333333148e-01 3.333333333333333148e-01 6.875000000000000000e-01 3.225806451612903136e-01 3.225806451612903136e-01
3.333333333333333148e-01 3.333333333333333148e-01 6.875000000000000000e-01 6.774193548387096309e-01 6.774193548387096309e-01
3.333333333333333148e-01 3.333333333333333148e-01 3.125000000000000000e-01 3.225806451612903136e-01 3.225806451612903136e-01
3.333333333333333148e-01 3.333333333333333148e-01 6.875000000000000000e-01 6.774193548387096309e-01 6.774193548387096309e-01
6.666666666666666297e-01 6.666666666666666297e-01 6.875000000000000000e-01 3.225806451612903136e-01 3.225806451612903136e-01
3.333333333333333148e-01 3.333333333333333148e-01 6.875000000000000000e-01 6.774193548387096309e-01 6.774193548387096309e-01
3.333333333333333148e-01 3.333333333333333148e-01 6.875000000000000000e-01 6.774193548387096309e-01 6.774193548387096309e-01
3.333333333333333148e-01 3.333333333333333148e-01 3.125000000000000000e-01 3.225806451612903136e-01 3.225806451612903136e-01
3.333333333333333148e-01 3.333333333333333148e-01 6.875000000000000000e-01 3.225806451612903136e-01 3.225806451612903136e-01
3.333333333333333148e-01 3.333333333333333148e-01 3.125000000000000000e-01 6.774193548387096309e-01 6.774193548387096309e-01
6.666666666666666297e-01 6.666666666666666297e-01 6.875000000000000000e-01 6.774193548387096309e-01 6.774193548387096309e-01
6.666666666666666297e-01 6.666666666666666297e-01 6.875000000000000000e-01 6.774193548387096309e-01 6.774193548387096309e-01
6.666666666666666297e-01 6.666666666666666297e-01 6.875000000000000000e-01 6.774193548387096309e-01 6.774193548387096309e-01
6.666666666666666297e-01 6.666666666666666297e-01 6.875000000000000000e-01 6.774193548387096309e-01 6.774193548387096309e-01
6.666666666666666297e-01 6.666666666666666297e-01 6.875000000000000000e-01 6.774193548387096309e-01 6.774193548387096309e-01
6.666666666666666297e-01 6.666666666666666297e-01 6.875000000000000000e-01 6.774193548387096309e-01 6.774193548387096309e-01
6.666666666666666297e-01 6.666666666666666297e-01 6.875000000000000000e-01 6.774193548387096309e-01 6.774193548387096309e-01
6.666666666666666297e-01 6.666666666666666297e-01 6.875000000000000000e-01 6.774193548387096309e-01 6.774193548387096309e-01
6.666666666666666297e-01 6.666666666666666297e-01 6.875000000000000000e-01 6.774193548387096309e-01 6.774193548387096309e-01
6.666666666666666297e-01 6.666666666666666297e-01 6.875000000000000000e-01 6.774193548387096309e-01 6.774193548387096309e-01
6.666666666666666297e-01 6.666666666666666297e-01 6.875000000000000000e-01 6.774193548387096309e-01 6.774193548387096309e-01
6.666666666666666297e-01 6.666666666666666297e-01 6.875000000000000000e-01 6.774193548387096309e-01 6.774193548387096309e-01
6.666666666666666297e-01 6.666666666666666297e-01 6.875000000000000000e-01 6.774193548387096309e-01 6.774193548387096309e-01
6.666666666666666297e-01 6.666666666666666297e-01 6.875000000000000000e-01 6.774193548387096309e-01 6.774193548387096309e-01
6.666666666666666297e-01 6.666666666666666297e-01 6.875000000000000000e-01 6.774193548387096309e-01 6.774193548387096309e-01
6.666666666666666297e-01 6.666666666666666297e-01 6.875000000000000000e-01 6.774193548387096309e-01 6.774193548387096309e-01
6.666666666666666297e-01 6.666666666666666297e-01 6.875000000000000000e-01 6.774193548387096309e-01 6.774193548387096309e-01
6.666666666666666297e-01 6.666666666666666297e-01 6.875000000000000000e-01 6.774193548387096309e-01 6.774193548387096309e-01
6.666666666666666297e-01 6.666666666666666297e-01 6.875000000000000000e-01 6.774193548387096309e-01 6.774193548387096309e-01
6.666666666666666297e-01 6.666666666666666297e-01 6.875000000000000000e-01 6.774193548387096309e-01 6.774193548387096309e-01
6.666666666666666297e-01 6.666666666666666297e-01 6.875000000000000000e-01 6.774193548387096309e-01 6.774193548387096309e-01
6.666666666666666297e-01 6.666666666666666297e-01 6.875000000000000000e-01 6.774193548387096309e-01 6.774193548387096309e-01
3.333333333333333148e-01 3.333333333333333148e-01 6.875000000000000000e-01 6.774193548387096309e-01 6.774193548387096309e-01
3.333333333333333148e-01 3.333333333333333148e-01 6.875000000000000000e-01 6.774193548387096309e-01 6.774193548387096309e-01
3.333333333333333148e-01 3.333333333333333148e-01 6.875000000000000000e-01 3.225806451612903136e-01 3.225806451612903136e-01
3.333333333333333148e-01 3.333333333333333148e-01 6.875000000000000000e-01 3.225806451612903136e-01 3.225806451612903136e-01
6.666666666666666297e-01 6.666666666666666297e-01 6.875000000000000000e-01 3.225806451612903136e-01 3.225806451612903136e-01
3.333333333333333148e-01 3.333333333333333148e-01 6.875000000000000000e-01 6.774193548387096309e-01 6.774193548387096309e-01
6.666666666666666297e-01 6.666666666666666297e-01 6.875000000000000000e-01 3.225806451612903136e-01 3.225806451612903136e-01
3.333333333333333148e-01 3.333333333333333148e-01 6.875000000000000000e-01 3.225806451612903136e-01 3.225806451612903136e-01
3.333333333333333148e-01 3.333333333333333148e-01 3.125000000000000000e-01 6.774193548387096309e-01 6.774193548387096309e-01
3.333333333333333148e-01 3.333333333333333148e-01 6.875000000000000000e-01 3.225806451612903136e-01 3.225806451612903136e-01
3.333333333333333148e-01 3.333333333333333148e-01 6.875000000000000000e-01 6.774193548387096309e-01 6.774193548387096309e-01
3.333333333333333148e-01 3.333333333333333148e-01 3.125000000000000000e-01 3.225806451612903136e-01 3.225806451612903136e-01
3.333333333333333148e-01 3.333333333333333148e-01 6.875000000000000000e-01 6.774193548387096309e-01 6.774193548387096309e-01
6.666666666666666297e-01 6.666666666666666297e-01 6.875000000000000000e-01 3.225806451612903136e-01 3.225806451612903136e-01
3.333333333333333148e-01 3.333333333333333148e-01 6.875000000000000000e-01 6.774193548387096309e-01 6.774193548387096309e-01
3.333333333333333148e-01 3.333333333333333148e-01 6.875000000000000000e-01 6.774193548387096309e-01 6.774193548387096309e-01
3.333333333333333148e-01 3.333333333333333148e-01 3.125000000000000000e-01 3.225806451612903136e-01 3.225806451612903136e-01
3.333333333333333148e-01 3.333333333333333148e-01 6.875000000000000000e-01 3.225806451612903136e-01 3.225806451612903136e-01
3.333333333333333148e-01 3.333333333333333148e-01 3.125000000000000000e-01 6.774193548387096309e-01 6.774193548387096309e-01
6.666666666666666297e-01 6.666666666666666297e-01 6.875000000000000000e-01 6.774193548387096309e-01 6.774193548387096309e-01
6.666666666666666297e-01 6.666666666666666297e-01 6.875000000000000000e-01 6.774193548387096309e-01 6.774193548387096309e-01
6.666666666666666297e-01 6.666666666666666297e-01 6.875000000000000000e-01 6.774193548387096309e-01 6.774193548387096309e-01
6.666666666666666297e-01 6.666666666666666297e-01 6.875000000000000000e-01 6.774193548387096309e-01 6.774193548387096309e-01
6.666666666666666297e-01 6.666666666666666297e-01 6.875000000000000000e-01 6.774193548387096309e-01 6.774193548387096309e-01
6.666666666666666297e-01 6.666666666666666297e-01 6.875000000000000000e-01 6.774193548387096309e-01 6.774193548387096309e-01
6.666666666666666297e-01 6.666666666666666297e-01 6.875000000000000000e-01 6.774193548387096309e-01 6.774193548387096309e-01
6.666666666666666297e-01 6.666666666666666297e-01 6.875000000000000000e-01 6.774193548387096309e-01 6.774193548387096309e-01
6.666666666666666297e-01 6.666666666666666297e-01 6.875000000000000000e-01 6.774193548387096309e-01 6.774193548387096309e-01
6.666666666666666297e-01 6.666666666666666297e-01 6.875000000000000000e-01 6.774193548387096309e-01 6.774193548387096309e-01
6.666666666666666297e-01 6.666666666666666297e-01 6.875000000000000000e-01 6.774193548387096309e-01 6.774193548387096309e-01
6.666666666666666297e-01 6.666666666666666297e-01 6.875000000000000000e-01 6.774193548387096309e-01 6.774193548387096309e-01
6.666666666666666297e-01 6.666666666666666297e-01 6.875000000000000000e-01 6.774193548387096309e-01 6.774193548387096309e-01
6.666666666666666297e-01 6.666666666666666297e-01 6.875000000000000000e-01 6.774193548387096309e-01 6.774193548387096309e-01
6.666666666666666297e-01 6.666666666666666297e-01 6.875000000000000000e-01 6.774193548387096309e-01 6.774193548387096309e-01
6.666666666666666297e-01 6.666666666666666297e-01 6.875000000000000000e-01 6.774193548387096309e-01 6.774193548387096309e-01
6.666666666666666297e-01 6.666666666666666297e-01 6.875000000000000000e-01 6.774193548387096309e-01 6.774193548387096309e-01
6.666666666666666297e-01 6.666666666666666297e-01 6.875000000000000000e-01 6.774193548387096309e-01 6.774193548387096309e-01
6.666666666666666297e-01 6.666666666666666297e-01 6.875000000000000000e-01 6.774193548387096309e-01 6.774193548387096309e-01
6.666666666666666297e-01 6.666666666666666297e-01 6.875000000000000000e-01 6.774193548387096309e-01 6.774193548387096309e-01
6.666666666666666297e-01 6.666666666666666297e-01 6.875000000000000000e-01 6.774193548387096309e-01 6.774193548387096309e-01
