6.993768328445747473e-01
5.418010752688171561e-01
5.418010752688171561e-01
3.998655913978493848e-01
3.998655913978493848e-01
5.331989247311827995e-01
5.418010752688171561e-01
5.331989247311827995e-01
3.998655913978493848e-01
4.668010752688172005e-01
3.998655913978493848e-01
4.901881720430106837e-01
3.248655913978494292e-01
5.418010752688171561e-01
5.331989247311827995e-01
5.418010752688171561e-01
5.418010752688171561e-01
3.248655913978494292e-01
3.998655913978493848e-01
4.668010752688172005e-01
7.687927663734115402e-01
7.629093352883675738e-01
7.629093352883675738e-01
7.629093352883675738e-01
7.629093352883675738e-01
7.629093352883675738e-01
7.629093352883675738e-01
7.629093352883675738e-01
7.629093352883675738e-01
7.629093352883675738e-01
7.629093352883675738e-01
7.629093352883675738e-01
7.629093352883675738e-01
7.629093352883675738e-01
7.629093352883675738e-01
7.629093352883675738e-01
7.629093352883675738e-01
7.629093352883675738e-01
7.629093352883675738e-01
7.629093352883675738e-01
7.629093352883675738e-01
6.993768328445747473e-01
5.418010752688171561e-01
5.418010752688171561e-01
3.998655913978493848e-01
3.998655913978493848e-01
5.331989247311827995e-01
5.418010752688171561e-01
5.331989247311827995e-01
3.998655913978493848e-01
4.668010752688172005e-01
3.998655913978493848e-01
4.772849462365590933e-01
3.248655913978494292e-01
5.418010752688171561e-01
5.331989247311827995e-01
5.418010752688171561e-01
5.418010752688171561e-01
3.248655913978494292e-01
3.998655913978493848e-01
4.668010752688172005e-01
6.942876344086019724e-01
6.942876344086019724e-01
6.942876344086019724e-01
6.942876344086019724e-01
6.942876344086019724e-01
6.942876344086019724e-01
6.942876344086019724e-01
6.942876344086019724e-01
6.942876344086019724e-01
6.942876344086019724e-01
6.942876344086019724e-01
6.942876344086019724e-01
6.942876344086019724e-01
6.942876344086019724e-01
6.942876344086019724e-01
6.942876344086019724e-01
6.942876344086019724e-01
6.942876344086019724e-01
6.942876344086019724e-01
6.942876344086019724e-01
6.942876344086019724e-01
6.933162267839686477e-01
5.418010752688171561e-01
5.418010752688171561e-01
3.998655913978493848e-01
3.998655913978493848e-01
5.331989247311827995e-01
5.418010752688171561e-01
5.331989247311827995e-01
3.998655913978493848e-01
4.668010752688172005e-01
3.998655913978493848e-01
4.708333333333333259e-01
3.248655913978494292e-01
5.418010752688171561e-01
5.331989247311827995e-01
5.418010752688171561e-01
5.418010752688171561e-01
3.248655913978494292e-01
3.998655913978493848e-01
4.668010752688172005e-01
6.751344086021504598e-01
6.751344086021504598e-01
6.751344086021504598e-01
6.751344086021504598e-01
6.751344086021504598e-01
6.751344086021504598e-01
6.751344086021504598e-01
6.751344086021504598e-01
6.751344086021504598e-01
6.751344086021504598e-01
6.751344086021504598e-01
6.751344086021504598e-01
6.751344086021504598e-01
6.751344086021504598e-01
6.751344086021504598e-01
6.751344086021504598e-01
6.751344086021504598e-01
6.751344086021504598e-01
6.751344086021504598e-01
6.751344086021504598e-01
6.751344086021504598e-01
6.933162267839686477e-01
5.418010752688171561e-01
5.418010752688171561e-01
3.998655913978493848e-01
3.998655913978493848e-01
5.331989247311827995e-01
5.418010752688171561e-01
5.331989247311827995e-01
3.998655913978493848e-01
4.668010752688172005e-01
3.998655913978493848e-01
3.998655913978493848e-01
3.248655913978494292e-01
5.418010752688171561e-01
5.331989247311827995e-01
5.418010752688171561e-01
5.418010752688171561e-01
3.248655913978494292e-01
3.998655913978493848e-01
4.668010752688172005e-01
6.751344086021504598e-01
6.751344086021504598e-01
6.751344086021504598e-01
6.751344086021504598e-01
6.751344086021504598e-01
6.751344086021504598e-01
6.751344086021504598e-01
6.751344086021504598e-01
6.751344086021504598e-01
6.751344086021504598e-01
6.751344086021504598e-01
6.751344086021504598e-01
6.751344086021504598e-01
6.751344086021504598e-01
6.751344086021504598e-01
6.751344086021504598e-01
6.751344086021504598e-01
6.751344086021504598e-01
6.751344086021504598e-01
6.751344086021504598e-01
6.751344086021504598e-01
6.751344086021504598e-01
5.418010752688171561e-01
5.418010752688171561e-01
3.998655913978493848e-01
3.998655913978493848e-01
5.331989247311827995e-01
5.418010752688171561e-01
5.331989247311827995e-01
3.998655913978493848e-01
4.668010752688172005e-01
3.998655913978493848e-01
5.418010752688171561e-01
3.248655913978494292e-01
5.418010752688171561e-01
5.331989247311827995e-01
5.418010752688171561e-01
5.418010752688171561e-01
3.248655913978494292e-01
3.998655913978493848e-01
4.668010752688172005e-01
6.751344086021504598e-01
6.751344086021504598e-01
6.751344086021504598e-01
6.751344086021504598e-01
6.751344086021504598e-01
6.751344086021504598e-01
6.751344086021504598e-01
6.751344086021504598e-01
6.751344086021504598e-01
6.751344086021504598e-01
6.751344086021504598e-01
6.751344086021504598e-01
6.751344086021504598e-01
6.751344086021504598e-01
6.751344086021504598e-01
6.751344086021504598e-01
6.751344086021504598e-01
6.751344086021504598e-01
6.751344086021504598e-01
6.751344086021504598e-01
6.751344086021504598e-01
6.751344086021504598e-01
5.418010752688171561e-01
5.418010752688171561e-01
3.998655913978493848e-01
3.998655913978493848e-01
5.331989247311827995e-01
5.418010752688171561e-01
5.331989247311827995e-01
3.998655913978493848e-01
4.668010752688172005e-01
3.998655913978493848e-01
5.418010752688171561e-01
3.248655913978494292e-01
5.418010752688171561e-01
5.331989247311827995e-01
5.418010752688171561e-01
5.418010752688171561e-01
3.248655913978494292e-01
3.998655913978493848e-01
4.668010752688172005e-01
6.751344086021504598e-01
6.751344086021504598e-01
6.751344086021504598e-01
6.751344086021504598e-01
6.751344086021504598e-01
6.751344086021504598e-01
6.751344086021504598e-01
6.751344086021504598e-01
6.751344086021504598e-01
6.751344086021504598e-01
6.751344086021504598e-01
6.751344086021504598e-01
6.751344086021504598e-01
6.751344086021504598e-01
6.751344086021504598e-01
6.751344086021504598e-01
6.751344086021504598e-01
6.751344086021504598e-01
6.751344086021504598e-01
6.751344086021504598e-01
6.751344086021504598e-01
6.751344086021504598e-01
5.418010752688171561e-01
5.418010752688171561e-01
3.998655913978493848e-01
3.998655913978493848e-01
5.331989247311827995e-01
5.418010752688171561e-01
5.331989247311827995e-01
3.998655913978493848e-01
4.668010752688172005e-01
3.998655913978493848e-01
5.418010752688171561e-01
3.248655913978494292e-01
5.418010752688171561e-01
5.331989247311827995e-01
5.418010752688171561e-01
5.418010752688171561e-01
3.248655913978494292e-01
3.998655913978493848e-01
4.668010752688172005e-01
6.751344086021504598e-01
6.751344086021504598e-01
6.751344086021504598e-01
6.751344086021504598e-01
6.751344086021504598e-01
6.751344086021504598e-01
6.751344086021504598e-01
6.751344086021504598e-01
6.751344086021504598e-01
6.751344086021504598e-01
6.751344086021504598e-01
6.751344086021504598e-01
6.751344086021504598e-01
6.751344086021504598e-01
6.751344086021504598e-01
6.751344086021504598e-01
6.751344086021504598e-01
6.751344086021504598e-01
6.751344086021504598e-01
6.751344086021504598e-01
6.751344086021504598e-01
6.751344086021504598e-01
5.418010752688171561e-01
5.418010752688171561e-01
3.998655913978493848e-01
3.998655913978493848e-01
5.331989247311827995e-01
5.418010752688171561e-01
5.331989247311827995e-01
3.998655913978493848e-01
4.668010752688172005e-01
3.998655913978493848e-01
5.418010752688171561e-01
3.248655913978494292e-01
5.418010752688171561e-01
5.331989247311827995e-01
5.418010752688171561e-01
5.418010752688171561e-01
3.248655913978494292e-01
3.998655913978493848e-01
4.668010752688172005e-01
6.751344086021504598e-01
6.751344086021504598e-01
6.751344086021504598e-01
6.751344086021504598e-01
6.751344086021504598e-01
6.751344086021504598e-01
6.751344086021504598e-01
6.751344086021504598e-01
6.751344086021504598e-01
6.751344086021504598e-01
6.751344086021504598e-01
6.751344086021504598e-01
6.751344086021504598e-01
6.751344086021504598e-01
6.751344086021504598e-01
6.751344086021504598e-01
6.751344086021504598e-01
6.751344086021504598e-01
6.751344086021504598e-01
6.751344086021504598e-01
6.751344086021504598e-01
6.751344086021504598e-01
5.418010752688171561e-01
5.418010752688171561e-01
3.998655913978493848e-01
3.998655913978493848e-01
5.331989247311827995e-01
5.418010752688171561e-01
5.331989247311827995e-01
3.998655913978493848e-01
4.668010752688172005e-01
3.998655913978493848e-01
5.418010752688171561e-01
3.248655913978494292e-01
5.418010752688171561e-01
5.331989247311827995e-01
5.418010752688171561e-01
5.418010752688171561e-01
3.248655913978494292e-01
3.998655913978493848e-01
4.668010752688172005e-01
6.751344086021504598e-01
6.751344086021504598e-01
6.751344086021504598e-01
6.751344086021504598e-01
6.751344086021504598e-01
6.751344086021504598e-01
6.751344086021504598e-01
6.751344086021504598e-01
6.751344086021504598e-01
6.751344086021504598e-01
6.751344086021504598e-01
6.751344086021504598e-01
6.751344086021504598e-01
6.751344086021504598e-01
6.751344086021504598e-01
6.751344086021504598e-01
6.751344086021504598e-01
6.751344086021504598e-01
6.751344086021504598e-01
6.751344086021504598e-01
6.751344086021504598e-01
6.751344086021504598e-01
5.418010752688171561e-01
5.418010752688171561e-01
3.998655913978493848e-01
3.998655913978493848e-01
5.331989247311827995e-01
5.418010752688171561e-01
5.331989247311827995e-01
3.998655913978493848e-01
4.668010752688172005e-01
3.998655913978493848e-01
5.418010752688171561e-01
3.248655913978494292e-01
5.418010752688171561e-01
5.331989247311827995e-01
5.418010752688171561e-01
5.418010752688171561e-01
3.248655913978494292e-01
3.998655913978493848e-01
4.668010752688172005e-01
6.751344086021504598e-01
6.751344086021504598e-01
6.751344086021504598e-01
6.751344086021504598e-01
6.751344086021504598e-01
6.751344086021504598e-01
6.751344086021504598e-01
6.751344086021504598e-01
6.751344086021504598e-01
6.751344086021504598e-01
6.751344086021504598e-01
6.751344086021504598e-01
6.751344086021504598e-01
6.751344086021504598e-01
6.751344086021504598e-01
6.751344086021504598e-01
6.751344086021504598e-01
6.751344086021504598e-01
6.751344086021504598e-01
6.751344086021504598e-01
6.751344086021504598e-01
6.751344086021504598e-01
5.418010752688171561e-01
5.418010752688171561e-01
3.998655913978493848e-01
3.998655913978493848e-01
5.331989247311827995e-01
5.418010752688171561e-01
5.331989247311827995e-01
3.998655913978493848e-01
4.668010752688172005e-01
3.998655913978493848e-01
5.418010752688171561e-01
3.248655913978494292e-01
5.418010752688171561e-01
5.331989247311827995e-01
5.418010752688171561e-01
5.418010752688171561e-01
3.248655913978494292e-01
3.998655913978493848e-01
4.668010752688172005e-01
6.751344086021504598e-01
6.751344086021504598e-01
6.751344086021504598e-01
6.751344086021504598e-01
6.751344086021504598e-01
6.751344086021504598e-01
6.751344086021504598e-01
6.751344086021504598e-01
6.751344086021504598e-01
6.751344086021504598e-01
6.751344086021504598e-01
6.751344086021504598e-01
6.751344086021504598e-01
6.751344086021504598e-01
6.751344086021504598e-01
6.751344086021504598e-01
6.751344086021504598e-01
6.751344086021504598e-01
6.751344086021504598e-01
6.751344086021504598e-01
6.751344086021504598e-01
