6.666666666666666297e-01 7.878787878787878451e-01 6.875000000000000000e-01 6.774193548387096309e-01 6.774193548387096309e-01
3.333333333333333148e-01 3.333333333333333148e-01 6.875000000000000000e-01 6.774193548387096309e-01 6.774193548387096309e-01
3.333333333333333148e-01 3.333333333333333148e-01 6.875000000000000000e-01 6.774193548387096309e-01 6.774193548387096309e-01
3.333333333333333148e-01 3.333333333333333148e-01 6.875000000000000000e-01 3.225806451612903136e-01 3.225806451612903136e-01
3.333333333333333148e-01 3.333333333333333148e-01 6.875000000000000000e-01 3.225806451612903136e-01 3.225806451612903136e-01
6.666666666666666297e-01 6.666666666666666297e-01 6.875000000000000000e-01 3.225806451612903136e-01 3.225806451612903136e-01
3.333333333333333148e-01 3.333333333333333148e-01 6.875000000000000000e-01 6.774193548387096309e-01 6.774193548387096309e-01
6.666666666666666297e-01 6.666666666666666297e-01 6.875000000000000000e-01 3.225806451612903136e-01 3.225806451612903136e-01
3.333333333333333148e-01 3.333333333333333148e-01 6.875000000000000000e-01 3.225806451612903136e-01 3.225806451612903136e-01
3.333333333333333148e-01 3.333333333333333148e-01 3.125000000000000000e-01 6.774193548387096309e-01 6.774193548387096309e-01
3.333333333333333148e-01 3.333333333333333148e-01 6.875000000000000000e-01 3.225806451612903136e-01 3.225806451612903136e-01
3.333333333333333148e-01 3.333333333333333148e-01 6.875000000000000000e-01 7.741935483870967527e-01 3.225806451612903136e-01
3.333333333333333148e-01 3.333333333333333148e-01 3.125000000000000000e-01 3.225806451612903136e-01 3.225806451612903136e-01
3.333333333333333148e-01 3.333333333333333148e-01 6.875000000000000000e-01 6.774193548387096309e-01 6.774193548387096309e-01
6.666666666666666297e-01 6.666666666666666297e-01 6.875000000000000000e-01 3.225806451612903136e-01 3.225806451612903136e-01
3.333333333333333148e-01 3.333333333333333148e-01 6.875000000000000000e-01 6.774193548387096309e-01 6.774193548387096309e-01
3.333333333333333148e-01 3.333333333333333148e-01 6.875000000000000000e-01 6.774193548387096309e-01 6.774193548387096309e-01
3.333333333333333148e-01 3.333333333333333148e-01 3.125000000000000000e-01 3.225806451612903136e-01 3.225806451612903136e-01
3.333333333333333148e-01 3.333333333333333148e-01 6.875000000000000000e-01 3.225806451612903136e-01 3.225806451612903136e-01
3.333333333333333148e-01 3.333333333333333148e-01 3.125000000000000000e-01 6.774193548387096309e-01 6.774193548387096309e-01
8.484848484848485084e-01 7.575757575757575690e-01 6.250000000000000000e-01 7.741935483870967527e-01 8.387096774193548709e-01
7.272727272727272929e-01 7.878787878787878451e-01 7.187500000000000000e-01 7.741935483870967527e-01 8.064516129032257563e-01
7.272727272727272929e-01 7.878787878787878451e-01 7.187500000000000000e-01 7.741935483870967527e-01 8.064516129032257563e-01
7.272727272727272929e-01 7.878787878787878451e-01 7.187500000000000000e-01 7.741935483870967527e-01 8.064516129032257563e-01
7.272727272727272929e-01 7.878787878787878451e-01 7.187500000000000000e-01 7.741935483870967527e-01 8.064516129032257563e-01
7.272727272727272929e-01 7.878787878787878451e-01 7.187500000000000000e-01 7.741935483870967527e-01 8.064516129032257563e-01
7.272727272727272929e-01 7.878787878787878451e-01 7.187500000000000000e-01 7.741935483870967527e-01 8.064516129032257563e-01
7.272727272727272929e-01 7.878787878787878451e-01 7.187500000000000000e-01 7.741935483870967527e-01 8.064516129032257563e-01
7.272727272727272929e-01 7.878787878787878451e-01 7.187500000000000000e-01 7.741935483870967527e-01 8.064516129032257563e-01
7.272727272727272929e-01 7.878787878787878451e-01 7.187500000000000000e-01 7.741935483870967527e-01 8.064516129032257563e-01
7.272727272727272929e-01 7.878787878787878451e-01 7.187500000000000000e-01 7.741935483870967527e-01 8.064516129032257563e-01
7.272727272727272929e-01 7.878787878787878451e-01 7.187500000000000000e-01 7.741935483870967527e-01 8.064516129032257563e-01
7.272727272727272929e-01 7.878787878787878451e-01 7.187500000000000000e-01 7.741935483870967527e-01 8.064516129032257563e-01
7.272727272727272929e-01 7.878787878787878451e-01 7.187500000000000000e-01 7.741935483870967527e-01 8.064516129032257563e-01
7.272727272727272929e-01 7.878787878787878451e-01 7.187500000000000000e-01 7.741935483870967527e-01 8.064516129032257563e-01
7.272727272727272929e-01 7.878787878787878451e-01 7.187500000000000000e-01 7.741935483870967527e-01 8.064516129032257563e-01
7.272727272727272929e-01 7.878787878787878451e-01 7.187500000000000000e-01 7.741935483870967527e-01 8.064516129032257563e-01
7.272727272727272929e-01 7.878787878787878451e-01 7.187500000000000000e-01 7.741935483870967527e-01 8.064516129032257563e-01
7.272727272727272929e-01 7.878787878787878451e-01 7.187500000000000000e-01 7.741935483870967527e-01 8.064516129032257563e-01
7.272727272727272929e-01 7.878787878787878451e-01 7.187500000000000000e-01 7.741935483870967527e-01 8.064516129032257563e-01
7.272727272727272929e-01 7.878787878787878451e-01 7.187500000000000000e-01 7.741935483870967527e-01 8.064516129032257563e-01
6.666666666666666297e-01 7.878787878787878451e-01 6.875000000000000000e-01 6.774193548387096309e-01 6.774193548387096309e-01
3.333333333333333148e-01 3.333333333333333148e-01 6.875000000000000000e-01 6.774193548387096309e-01 6.774193548387096309e-01
3.333333333333333148e-01 3.333333333333333148e-01 6.875000000000000000e-01 6.774193548387096309e-01 6.774193548387096309e-01
3.333333333333333148e-01 3.333333333333333148e-01 6.875000000000000000e-01 3.225806451612903136e-01 3.225806451612903136e-01
3.333333333333333148e-01 3.333333333333333148e-01 6.875000000000000000e-01 3.225806451612903136e-01 3.225806451612903136e-01
6.666666666666666297e-01 6.666666666666666297e-01 6.875000000000000000e-01 3.225806451612903136e-01 3.225806451612903136e-01
3.333333333333333148e-01 3.333333333333333148e-01 6.875000000000000000e-01 6.774193548387096309e-01 6.774193548387096309e-01
6.666666666666666297e-01 6.666666666666666297e-01 6.875000000000000000e-01 3.225806451612903136e-01 3.225806451612903136e-01
3.333333333333333148e-01 3.333333333333333148e-01 6.875000000000000000e-01 3.225806451612903136e-01 3.225806451612903136e-01
3.333333333333333148e-01 3.333333333333333148e-01 3.125000000000000000e-01 6.774193548387096309e-01 6.774193548387096309e-01
3.333333333333333148e-01 3.333333333333333148e-01 6.875000000000000000e-01 3.225806451612903136e-01 3.225806451612903136e-01
3.333333333333333148e-01 3.333333333333333148e-01 6.875000000000000000e-01 7.096774193548387455e-01 3.225806451612903136e-01
3.333333333333333148e-01 3.333333333333333148e-01 3.125000000000000000e-01 3.225806451612903136e-01 3.225806451612903136e-01
3.333333333333333148e-01 3.333333333333333148e-01 6.875000000000000000e-01 6.774193548387096309e-01 6.774193548387096309e-01
6.666666666666666297e-01 6.666666666666666297e-01 6.875000000000000000e-01 3.225806451612903136e-01 3.225806451612903136e-01
3.333333333333333148e-01 3.333333333333333148e-01 6.875000000000000000e-01 6.774193548387096309e-01 6.774193548387096309e-01
3.333333333333333148e-01 3.333333333333333148e-01 6.875000000000000000e-01 6.774193548387096309e-01 6.774193548387096309e-01
3.333333333333333148e-01 3.333333333333333148e-01 3.125000000000000000e-01 3.225806451612903136e-01 3.225806451612903136e-01
3.333333333333333148e-01 3.333333333333333148e-01 6.875000000000000000e-01 3.225806451612903136e-01 3.225806451612903136e-01
3.333333333333333148e-01 3.333333333333333148e-01 3.125000000000000000e-01 6.774193548387096309e-01 6.774193548387096309e-01
6.666666666666666297e-01 6.666666666666666297e-01 7.187500000000000000e-01 6.774193548387096309e-01 7.419354838709677491e-01
6.666666666666666297e-01 6.666666666666666297e-01 7.187500000000000000e-01 6.774193548387096309e-01 7.419354838709677491e-01
6.666666666666666297e-01 6.666666666666666297e-01 7.187500000000000000e-01 6.774193548387096309e-01 7.419354838709677491e-01
6.666666666666666297e-01 6.666666666666666297e-01 7.187500000000000000e-01 6.774193548387096309e-01 7.419354838709677491e-01
6.666666666666666297e-01 6.666666666666666297e-01 7.187500000000000000e-01 6.774193548387096309e-01 7.419354838709677491e-01
6.666666666666666297e-01 6.666666666666666297e-01 7.187500000000000000e-01 6.774193548387096309e-01 7.419354838709677491e-01
6.666666666666666297e-01 6.666666666666666297e-01 7.187500000000000000e-01 6.774193548387096309e-01 7.419354838709677491e-01
6.666666666666666297e-01 6.666666666666666297e-01 7.187500000000000000e-01 6.774193548387096309e-01 7.419354838709677491e-01
6.666666666666666297e-01 6.666666666666666297e-01 7.187500000000000000e-01 6.774193548387096309e-01 7.419354838709677491e-01
6.666666666666666297e-01 6.666666666666666297e-01 7.187500000000000000e-01 6.774193548387096309e-01 7.419354838709677491e-01
6.666666666666666297e-01 6.666666666666666297e-01 7.187500000000000000e-01 6.774193548387096309e-01 7.419354838709677491e-01
6.666666666666666297e-01 6.666666666666666297e-01 7.187500000000000000e-01 6.774193548387096309e-01 7.419354838709677491e-01
6.666666666666666297e-01 6.666666666666666297e-01 7.187500000000000000e-01 6.774193548387096309e-01 7.419354838709677491e-01
6.666666666666666297e-01 6.666666666666666297e-01 7.187500000000000000e-01 6.774193548387096309e-01 7.419354838709677491e-01
6.666666666666666297e-01 6.666666666666666297e-01 7.187500000000000000e-01 6.774193548387096309e-01 7.419354838709677491e-01
6.666666666666666297e-01 6.666666666666666297e-01 7.187500000000000000e-01 6.774193548387096309e-01 7.419354838709677491e-01
6.666666666666666297e-01 6.666666666666666297e-01 7.187500000000000000e-01 6.774193548387096309e-01 7.419354838709677491e-01
6.666666666666666297e-01 6.666666666666666297e-01 7.187500000000000000e-01 6.774193548387096309e-01 7.419354838709677491e-01
6.666666666666666297e-01 6.666666666666666297e-01 7.187500000000000000e-01 6.774193548387096309e-01 7.419354838709677491e-01
6.666666666666666297e-01 6.666666666666666297e-01 7.187500000000000000e-01 6.774193548387096309e-01 7.419354838709677491e-01
6.666666666666666297e-01 6.666666666666666297e-01 7.187500000000000000e-01 6.774193548387096309e-01 7.419354838709677491e-01
6.666666666666666297e-01 7.575757575757575690e-01 6.875000000000000000e-01 6.774193548387096309e-01 6.774193548387096309e-01
3.333333333333333148e-01 3.333333333333333148e-01 6.875000000000000000e-01 6.774193548387096309e-01 6.774193548387096309e-01
3.333333333333333148e-01 3.333333333333333148e-01 6.875000000000000000e-01 6.774193548387096309e-01 6.774193548387096309e-01
3.333333333333333148e-01 3.333333333333333148e-01 6.875000000000000000e-01 3.225806451612903136e-01 3.225806451612903136e-01
3.333333333333333148e-01 3.333333333333333148e-01 6.875000000000000000e-01 3.225806451612903136e-01 3.225806451612903136e-01
6.666666666666666297e-01 6.666666666666666297e-01 6.875000000000000000e-01 3.225806451612903136e-01 3.225806451612903136e-01
3.333333333333333148e-01 3.333333333333333148e-01 6.875000000000000000e-01 6.774193548387096309e-01 6.774193548387096309e-01
6.666666666666666297e-01 6.666666666666666297e-01 6.875000000000000000e-01 3.225806451612903136e-01 3.225806451612903136e-01
3.333333333333333148e-01 3.333333333333333148e-01 6.875000000000000000e-01 3.225806451612903136e-01 3.225806451612903136e-01
3.333333333333333148e-01 3.333333333333333148e-01 3.125000000000000000e-01 6.774193548387096309e-01 6.774193548387096309e-01
3.333333333333333148e-01 3.333333333333333148e-01 6.875000000000000000e-01 3.225806451612903136e-01 3.225806451612903136e-01
3.333333333333333148e-01 3.333333333333333148e-01 6.875000000000000000e-01 6.774193548387096309e-01 3.225806451612903136e-01
3.333333333333333148e-01 3.333333333333333148e-01 3.125000000000000000e-01 3.225806451612903136e-01 3.225806451612903136e-01
3.333333333333333148e-01 3.333333333333333148e-01 6.875000000000000000e-01 6.774193548387096309e-01 6.774193548387096309e-01
6.666666666666666297e-01 6.666666666666666297e-01 6.875000000000000000e-01 3.225806451612903136e-01 3.225806451612903136e-01
3.333333333333333148e-01 3.333333333333333148e-01 6.875000000000000000e-01 6.774193548387096309e-01 6.774193548387096309e-01
3.333333333333333148e-01 3.333333333333333148e-01 6.875000000000000000e-01 6.774193548387096309e-01 6.774193548387096309e-01
3.333333333333333148e-01 3.333333333333333148e-01 3.125000000000000000e-01 3.225806451612903136e-01 3.225806451612903136e-01
3.333333333333333148e-01 3.333333333333333148e-01 6.875000000000000000e-01 3.225806451612903136e-01 3.225806451612903136e-01
3.333333333333333148e-01 3.333333333333333148e-01 3.125000000000000000e-01 6.774193548387096309e-01 6.774193548387096309e-01
6.666666666666666297e-01 6.666666666666666297e-01 6.875000000000000000e-01 6.774193548387096309e-01 6.774193548387096309e-01
6.666666666666666297e-01 6.666666666666666297e-01 6.875000000000000000e-01 6.774193548387096309e-01 6.774193548387096309e-01
6.666666666666666297e-01 6.666666666666666297e-01 6.875000000000000000e-01 6.774193548387096309e-01 6.774193548387096309e-01
6.666666666666666297e-01 6.666666666666666297e-01 6.875000000000000000e-01 6.774193548387096309e-01 6.774193548387096309e-01
6.666666666666666297e-01 6.666666666666666297e-01 6.875000000000000000e-01 6.774193548387096309e-01 6.774193548387096309e-01
6.666666666666666297e-01 6.666666666666666297e-01 6.875000000000000000e-01 6.774193548387096309e-01 6.774193548387096309e-01
6.666666666666666297e-01 6.666666666666666297e-01 6.875000000000000000e-01 6.774193548387096309e-01 6.774193548387096309e-01
6.666666666666666297e-01 6.666666666666666297e-01 6.875000000000000000e-01 6.774193548387096309e-01 6.774193548387096309e-01
6.666666666666666297e-01 6.666666666666666297e-01 6.875000000000000000e-01 6.774193548387096309e-01 6.774193548387096309e-01
6.666666666666666297e-01 6.666666666666666297e-01 6.875000000000000000e-01 6.774193548387096309e-01 6.774193548387096309e-01
6.666666666666666297e-01 6.666666666666666297e-01 6.875000000000000000e-01 6.774193548387096309e-01 6.774193548387096309e-01
6.666666666666666297e-01 6.666666666666666297e-01 6.875000000000000000e-01 6.774193548387096309e-01 6.774193548387096309e-01
6.666666666666666297e-01 6.666666666666666297e-01 6.875000000000000000e-01 6.774193548387096309e-01 6.774193548387096309e-01
6.666666666666666297e-01 6.666666666666666297e-01 6.875000000000000000e-01 6.774193548387096309e-01 6.774193548387096309e-01
6.666666666666666297e-01 6.666666666666666297e-01 6.875000000000000000e-01 6.774193548387096309e-01 6.774193548387096309e-01
6.666666666666666297e-01 6.666666666666666297e-01 6.875000000000000000e-01 6.774193548387096309e-01 6.774193548387096309e-01
6.666666666666666297e-01 6.666666666666666297e-01 6.875000000000000000e-01 6.774193548387096309e-01 6.774193548387096309e-01
6.666666666666666297e-01 6.666666666666666297e-01 6.875000000000000000e-01 6.774193548387096309e-01 6.774193548387096309e-01
6.666666666666666297e-01 6.666666666666666297e-01 6.875000000000000000e-01 6.774193548387096309e-01 6.774193548387096309e-01
6.666666666666666297e-01 6.666666666666666297e-01 6.875000000000000000e-01 6.774193548387096309e-01 6.774193548387096309e-01
6.666666666666666297e-01 6.666666666666666297e-01 6.875000000000000000e-01 6.774193548387096309e-01 6.774193548387096309e-01
6.666666666666666297e-01 7.575757575757575690e-01 6.875000000000000000e-01 6.774193548387096309e-01 6.774193548387096309e-01
3.333333333333333148e-01 3.333333333333333148e-01 6.875000000000000000e-01 6.774193548387096309e-01 6.774193548387096309e-01
3.333333333333333148e-01 3.333333333333333148e-01 6.875000000000000000e-01 6.774193548387096309e-01 6.774193548387096309e-01
3.333333333333333148e-01 3.333333333333333148e-01 6.875000000000000000e-01 3.225806451612903136e-01 3.225806451612903136e-01
3.333333333333333148e-01 3.333333333333333148e-01 6.875000000000000000e-01 3.225806451612903136e-01 3.225806451612903136e-01
6.666666666666666297e-01 6.666666666666666297e-01 6.875000000000000000e-01 3.225806451612903136e-01 3.225806451612903136e-01
3.333333333333333148e-01 3.333333333333333148e-01 6.875000000000000000e-01 6.774193548387096309e-01 6.774193548387096309e-01
6.666666666666666297e-01 6.666666666666666297e-01 6.875000000000000000e-01 3.225806451612903136e-01 3.225806451612903136e-01
3.333333333333333148e-01 3.333333333333333148e-01 6.875000000000000000e-01 3.225806451612903136e-01 3.225806451612903136e-01
3.333333333333333148e-01 3.333333333333333148e-01 3.125000000000000000e-01 6.774193548387096309e-01 6.774193548387096309e-01
3.333333333333333148e-01 3.333333333333333148e-01 6.875000000000000000e-01 3.225806451612903136e-01 3.225806451612903136e-01
3.333333333333333148e-01 3.333333333333333148e-01 6.875000000000000000e-01 3.225806451612903136e-01 3.225806451612903136e-01
3.333333333333333148e-01 3.333333333333333148e-01 3.125000000000000000e-01 3.225806451612903136e-01 3.225806451612903136e-01
3.333333333333333148e-01 3.333333333333333148e-01 6.875000000000000000e-01 6.774193548387096309e-01 6.774193548387096309e-01
6.666666666666666297e-01 6.666666666666666297e-01 6.875000000000000000e-01 3.225806451612903136e-01 3.225806451612903136e-01
3.333333333333333148e-01 3.333333333333333148e-01 6.875000000000000000e-01 6.774193548387096309e-01 6.774193548387096309e-01
3.333333333333333148e-01 3.333333333333333148e-01 6.875000000000000000e-01 6.774193548387096309e-01 6.774193548387096309e-01
3.333333333333333148e-01 3.333333333333333148e-01 3.125000000000000000e-01 3.225806451612903136e-01 3.225806451612903136e-01
3.333333333333333148e-01 3.333333333333333148e-01 6.875000000000000000e-01 3.225806451612903136e-01 3.225806451612903136e-01
3.333333333333333148e-01 3.333333333333333148e-01 3.125000000000000000e-01 6.774193548387096309e-01 6.774193548387096309e-01
6.666666666666666297e-01 6.666666666666666297e-01 6.875000000000000000e-01 6.774193548387096309e-01 6.774193548387096309e-01
6.666666666666666297e-01 6.666666666666666297e-01 6.875000000000000000e-01 6.774193548387096309e-01 6.774193548387096309e-01
6.666666666666666297e-01 6.666666666666666297e-01 6.875000000000000000e-01 6.774193548387096309e-01 6.774193548387096309e-01
6.666666666666666297e-01 6.666666666666666297e-01 6.875000000000000000e-01 6.774193548387096309e-01 6.774193548387096309e-01
6.666666666666666297e-01 6.666666666666666297e-01 6.875000000000000000e-01 6.774193548387096309e-01 6.774193548387096309e-01
6.666666666666666297e-01 6.666666666666666297e-01 6.875000000000000000e-01 6.774193548387096309e-01 6.774193548387096309e-01
6.666666666666666297e-01 6.666666666666666297e-01 6.875000000000000000e-01 6.774193548387096309e-01 6.774193548387096309e-01
6.666666666666666297e-01 6.666666666666666297e-01 6.875000000000000000e-01 6.774193548387096309e-01 6.774193548387096309e-01
6.666666666666666297e-01 6.666666666666666297e-01 6.875000000000000000e-01 6.774193548387096309e-01 6.774193548387096309e-01
6.666666666666666297e-01 6.666666666666666297e-01 6.875000000000000000e-01 6.774193548387096309e-01 6.774193548387096309e-01
6.666666666666666297e-01 6.666666666666666297e-01 6.875000000000000000e-01 6.774193548387096309e-01 6.774193548387096309e-01
6.666666666666666297e-01 6.666666666666666297e-01 6.875000000000000000e-01 6.774193548387096309e-01 6.774193548387096309e-01
6.666666666666666297e-01 6.666666666666666297e-01 6.875000000000000000e-01 6.774193548387096309e-01 6.774193548387096309e-01
6.666666666666666297e-01 6.666666666666666297e-01 6.875000000000000000e-01 6.774193548387096309e-01 6.774193548387096309e-01
6.666666666666666297e-01 6.666666666666666297e-01 6.875000000000000000e-01 6.774193548387096309e-01 6.774193548387096309e-01
6.666666666666666297e-01 6.666666666666666297e-01 6.875000000000000000e-01 6.774193548387096309e-01 6.774193548387096309e-01
6.666666666666666297e-01 6.666666666666666297e-01 6.875000000000000000e-01 6.774193548387096309e-01 6.774193548387096309e-01
6.666666666666666297e-01 6.666666666666666297e-01 6.875000000000000000e-01 6.774193548387096309e-01 6.774193548387096309e-01
6.666666666666666297e-01 6.666666666666666297e-01 6.875000000000000000e-01 6.774193548387096309e-01 6.774193548387096309e-01
6.666666666666666297e-01 6.666666666666666297e-01 6.875000000000000000e-01 6.774193548387096309e-01 6.774193548387096309e-01
6.666666666666666297e-01 6.666666666666666297e-01 6.875000000000000000e-01 6.774193548387096309e-01 6.774193548387096309e-01
6.666666666666666297e-01 6.666666666666666297e-01 6.875000000000000000e-01 6.774193548387096309e-01 6.774193548387096309e-01
3.333333333333333148e-01 3.333333333333333148e-01 6.875000000000000000e-01 6.774193548387096309e-01 6.774193548387096309e-01
3.333333333333333148e-01 3.333333333333333148e-01 6.875000000000000000e-01 6.774193548387096309e-01 6.774193548387096309e-01
3.333333333333333148e-01 3.333333333333333148e-01 6.875000000000000000e-01 3.225806451612903136e-01 3.225806451612903136e-01
3.333333333333333148e-01 3.333333333333333148e-01 6.875000000000000000e-01 3.225806451612903136e-01 3.225806451612903136e-01
6.666666666666666297e-01 6.666666666666666297e-01 6.875000000000000000e-01 3.225806451612903136e-01 3.225806451612903136e-01
3.333333333333333148e-01 3.333333333333333148e-01 6.875000000000000000e-01 6.774193548387096309e-01 6.774193548387096309e-01
6.666666666666666297e-01 6.666666666666666297e-01 6.875000000000000000e-01 3.225806451612903136e-01 3.225806451612903136e-01
3.333333333333333148e-01 3.333333333333333148e-01 6.875000000000000000e-01 3.225806451612903136e-01 3.225806451612903136e-01
3.333333333333333148e-01 3.333333333333333148e-01 3.125000000000000000e-01 6.774193548387096309e-01 6.774193548387096309e-01
3.333333333333333148e-01 3.333333333333333148e-01 6.875000000000000000e-01 3.225806451612903136e-01 3.225806451612903136e-01
3.333333333333333148e-01 3.333333333333333148e-01 6.875000000000000000e-01 6.774193548387096309e-01 6.774193548387096309e-01
3.333333333333333148e-01 3.333333333333333148e-01 3.125000000000000000e-01 3.225806451612903136e-01 3.225806451612903136e-01
3.333333333333333148e-01 3.333333333333333148e-01 6.875000000000000000e-01 6.774193548387096309e-01 6.774193548387096309e-01
6.666666666666666297e-01 6.666666666666666297e-01 6.875000000000000000e-01 3.225806451612903136e-01 3.225806451612903136e-01
3.333333333333333148e-01 3.333333333333333148e-01 6.875000000000000000e-01 6.774193548387096309e-01 6.774193548387096309e-01
3.333333333333333148e-01 3.333333333333333148e-01 6.875000000000000000e-01 6.774193548387096309e-01 6.774193548387096309e-01
3.333333333333333148e-01 3.333333333333333148e-01 3.125000000000000000e-01 3.225806451612903136e-01 3.225806451612903136e-01
3.333333333333333148e-01 3.333333333333333148e-01 6.875000000000000000e-01 3.225806451612903136e-01 3.225806451612903136e-01
3.333333333333333148e-01 3.333333333333333148e-01 3.125000000000000000e-01 6.774193548387096309e-01 6.774193548387096309e-01
6.666666666666666297e-01 6.666666666666666297e-01 6.875000000000000000e-01 6.774193548387096309e-01 6.774193548387096309e-01
6.666666666666666297e-01 6.666666666666666297e-01 6.875000000000000000e-01 6.774193548387096309e-01 6.774193548387096309e-01
6.666666666666666297e-01 6.666666666666666297e-01 6.875000000000000000e-01 6.774193548387096309e-01 6.774193548387096309e-01
6.666666666666666297e-01 6.666666666666666297e-01 6.875000000000000000e-01 6.774193548387096309e-01 6.774193548387096309e-01
6.666666666666666297e-01 6.666666666666666297e-01 6.875000000000000000e-01 6.774193548387096309e-01 6.774193548387096309e-01
6.666666666666666297e-01 6.666666666666666297e-01 6.875000000000000000e-01 6.774193548387096309e-01 6.774193548387096309e-01
6.666666666666666297e-01 6.666666666666666297e-01 6.875000000000000000e-01 6.774193548387096309e-01 6.774193548387096309e-01
6.666666666666666297e-01 6.666666666666666297e-01 6.875000000000000000e-01 6.774193548387096309e-01 6.774193548387096309e-01
6.666666666666666297e-01 6.666666666666666297e-01 6.875000000000000000e-01 6.774193548387096309e-01 6.774193548387096309e-01
6.666666666666666297e-01 6.666666666666666297e-01 6.875000000000000000e-01 6.774193548387096309e-01 6.774193548387096309e-01
6.666666666666666297e-01 6.666666666666666297e-01 6.875000000000000000e-01 6.774193548387096309e-01 6.774193548387096309e-01
6.666666666666666297e-01 6.666666666666666297e-01 6.875000000000000000e-01 6.774193548387096309e-01 6.774193548387096309e-01
6.666666666666666297e-01 6.666666666666666297e-01 6.875000000000000000e-01 6.774193548387096309e-01 6.774193548387096309e-01
6.666666666666666297e-01 6.666666666666666297e-01 6.875000000000000000e-01 6.774193548387096309e-01 6.774193548387096309e-01
6.666666666666666297e-01 6.666666666666666297e-01 6.875000000000000000e-01 6.774193548387096309e-01 6.774193548387096309e-01
6.666666666666666297e-01 6.666666666666666297e-01 6.875000000000000000e-01 6.774193548387096309e-01 6.774193548387096309e-01
6.666666666666666297e-01 6.666666666666666297e-01 6.875000000000000000e-01 6.774193548387096309e-01 6.774193548387096309e-01
6.666666666666666297e-01 6.666666666666666297e-01 6.875000000000000000e-01 6.774193548387096309e-01 6.774193548387096309e-01
6.666666666666666297e-01 6.666666666666666297e-01 6.875000000000000000e-01 6.774193548387096309e-01 6.774193548387096309e-01
6.666666666666666297e-01 6.666666666666666297e-01 6.875000000000000000e-01 6.774193548387096309e-01 6.774193548387096309e-01
6.666666666666666297e-01 6.666666666666666297e-01 6.875000000000000000e-01 6.774193548387096309e-01 6.774193548387096309e-01
6.666666666666666297e-01 6.666666666666666297e-01 6.875000000000000000e-01 6.774193548387096309e-01 6.774193548387096309e-01
3.333333333333333148e-01 3.333333333333333148e-01 6.875000000000000000e-01 6.774193548387096309e-01 6.774193548387096309e-01
3.333333333333333148e-01 3.333333333333333148e-01 6.875000000000000000e-01 6.774193548387096309e-01 6.774193548387096309e-01
3.333333333333333148e-01 3.333333333333333148e-01 6.875000000000000000e-01 3.225806451612903136e-01 3.225806451612903136e-01
3.333333333333333148e-01 3.333333333333333148e-01 6.875000000000000000e-01 3.225806451612903136e-01 3.225806451612903136e-01
6.666666666666666297e-01 6.666666666666666297e-01 6.875000000000000000e-01 3.225806451612903136e-01 3.225806451612903136e-01
3.333333333333333148e-01 3.333333333333333148e-01 6.875000000000000000e-01 6.774193548387096309e-01 6.774193548387096309e-01
6.666666666666666297e-01 6.666666666666666297e-01 6.875000000000000000e-01 3.225806451612903136e-01 3.225806451612903136e-01
3.333333333333333148e-01 3.333333333333333148e-01 6.875000000000000000e-01 3.225806451612903136e-01 3.225806451612903136e-01
3.333333333333333148e-01 3.333333333333333148e-01 3.125000000000000000e-01 6.774193548387096309e-01 6.774193548387096309e-01
3.333333333333333148e-01 3.333333333333333148e-01 6.875000000000000000e-01 3.225806451612903136e-01 3.225806451612903136e-01
3.333333333333333148e-01 3.333333333333333148e-01 6.875000000000000000e-01 6.774193548387096309e-01 6.774193548387096309e-01
3.333333333333333148e-01 3.333333333333333148e-01 3.125000000000000000e-01 3.225806451612903136e-01 3.225806451612903136e-01
3.333333333333333148e-01 3.333333333333333148e-01 6.875000000000000000e-01 6.774193548387096309e-01 6.774193548387096309e-01
6.666666666666666297e-01 6.666666666666666297e-01 6.875000000000000000e-01 3.225806451612903136e-01 3.225806451612903136e-01
3.333333333333333148e-01 3.333333333333333148e-01 6.875000000000000000e-01 6.774193548387096309e-01 6.774193548387096309e-01
3.333333333333333148e-01 3.333333333333333148e-01 6.875000000000000000e-01 6.774193548387096309e-01 6.774193548387096309e-01
3.333333333333333148e-01 3.333333333333333148e-01 3.125000000000000000e-01 3.225806451612903136e-01 3.225806451612903136e-01
3.333333333333333148e-01 3.333333333333333148e-01 6.875000000000000000e-01 3.225806451612903136e-01 3.225806451612903136e-01
3.333333333333333148e-01 3.333333333333333148e-01 3.125000000000000000e-01 6.774193548387096309e-01 6.774193548387096309e-01
6.666666666666666297e-01 6.666666666666666297e-01 6.875000000000000000e-01 6.774193548387096309e-01 6.774193548387096309e-01
6.666666666666666297e-01 6.666666666666666297e-01 6.875000000000000000e-01 6.774193548387096309e-01 6.774193548387096309e-01
6.666666666666666297e-01 6.666666666666666297e-01 6.875000000000000000e-01 6.774193548387096309e-01 6.774193548387096309e-01
6.666666666666666297e-01 6.666666666666666297e-01 6.875000000000000000e-01 6.774193548387096309e-01 6.774193548387096309e-01
6.666666666666666297e-01 6.666666666666666297e-01 6.875000000000000000e-01 6.774193548387096309e-01 6.774193548387096309e-01
6.666666666666666297e-01 6.666666666666666297e-01 6.875000000000000000e-01 6.774193548387096309e-01 6.774193548387096309e-01
6.666666666666666297e-01 6.666666666666666297e-01 6.875000000000000000e-01 6.774193548387096309e-01 6.774193548387096309e-01
6.666666666666666297e-01 6.666666666666666297e-01 6.875000000000000000e-01 6.774193548387096309e-01 6.774193548387096309e-01
6.666666666666666297e-01 6.666666666666666297e-01 6.875000000000000000e-01 6.774193548387096309e-01 6.774193548387096309e-01
6.666666666666666297e-01 6.666666666666666297e-01 6.875000000000000000e-01 6.774193548387096309e-01 6.774193548387096309e-01
6.666666666666666297e-01 6.666666666666666297e-01 6.875000000000000000e-01 6.774193548387096309e-01 6.774193548387096309e-01
6.666666666666666297e-01 6.666666666666666297e-01 6.875000000000000000e-01 6.774193548387096309e-01 6.774193548387096309e-01
6.666666666666666297e-01 6.666666666666666297e-01 6.875000000000000000e-01 6.774193548387096309e-01 6.774193548387096309e-01
6.666666666666666297e-01 6.666666666666666297e-01 6.875000000000000000e-01 6.774193548387096309e-01 6.774193548387096309e-01
6.666666666666666297e-01 6.666666666666666297e-01 6.875000000000000000e-01 6.774193548387096309e-01 6.774193548387096309e-01
6.666666666666666297e-01 6.666666666666666297e-01 6.875000000000000000e-01 6.774193548387096309e-01 6.774193548387096309e-01
6.666666666666666297e-01 6.666666666666666297e-01 6.875000000000000000e-01 6.774193548387096309e-01 6.774193548387096309e-01
6.666666666666666297e-01 6.666666666666666297e-01 6.875000000000000000e-01 6.774193548387096309e-01 6.774193548387096309e-01
6.666666666666666297e-01 6.666666666666666297e-01 6.875000000000000000e-01 6.774193548387096309e-01 6.774193548387096309e-01
6.666666666666666297e-01 6.666666666666666297e-01 6.875000000000000000e-01 6.774193548387096309e-01 6.774193548387096309e-01
6.666666666666666297e-01 6.666666666666666297e-01 6.875000000000000000e-01 6.774193548387096309e-01 6.774193548387096309e-01
6.666666666666666297e-01 6.666666666666666297e-01 6.875000000000000000e-01 6.774193548387096309e-01 6.774193548387096309e-01
3.333333333333333148e-01 3.333333333333333148e-01 6.875000000000000000e-01 6.774193548387096309e-01 6.774193548387096309e-01
3.333333333333333148e-01 3.333333333333333148e-01 6.875000000000000000e-01 6.774193548387096309e-01 6.774193548387096309e-01
3.333333333333333148e-01 3.333333333333333148e-01 6.875000000000000000e-01 3.225806451612903136e-01 3.225806451612903136e-01
3.333333333333333148e-01 3.333333333333333148e-01 6.875000000000000000e-01 3.225806451612903136e-01 3.225806451612903136e-01
6.666666666666666297e-01 6.666666666666666297e-01 6.875000000000000000e-01 3.225806451612903136e-01 3.225806451612903136e-01
3.333333333333333148e-01 3.333333333333333148e-01 6.875000000000000000e-01 6.774193548387096309e-01 6.774193548387096309e-01
6.666666666666666297e-01 6.666666666666666297e-01 6.875000000000000000e-01 3.225806451612903136e-01 3.225806451612903136e-01
3.333333333333333148e-01 3.333333333333333148e-01 6.875000000000000000e-01 3.225806451612903136e-01 3.225806451612903136e-01
3.333333333333333148e-01 3.333333333333333148e-01 3.125000000000000000e-01 6.774193548387096309e-01 6.774193548387096309e-01
3.333333333333333148e-01 3.333333333333333148e-01 6.875000000000000000e-01 3.225806451612903136e-01 3.225806451612903136e-01
3.333333333333333148e-01 3.333333333333333148e-01 6.875000000000000000e-01 6.774193548387096309e-01 6.774193548387096309e-01
3.333333333333333148e-01 3.333333333333333148e-01 3.125000000000000000e-01 3.225806451612903136e-01 3.225806451612903136e-01
3.333333333333333148e-01 3.333333333333333148e-01 6.875000000000000000e-01 6.774193548387096309e-01 6.774193548387096309e-01
6.666666666666666297e-01 6.666666666666666297e-01 6.875000000000000000e-01 3.225806451612903136e-01 3.225806451612903136e-01
3.333333333333333148e-01 3.333333333333333148e-01 6.875000000000000000e-01 6.774193548387096309e-01 6.774193548387096309e-01
3.333333333333333148e-01 3.333333333333333148e-01 6.875000000000000000e-01 6.774193548387096309e-01 6.774193548387096309e-01
3.333333333333333148e-01 3.333333333333333148e-01 3.125000000000000000e-01 3.225806451612903136e-01 3.225806451612903136e-01
3.333333333333333148e-01 3.333333333333333148e-01 6.875000000000000000e-01 3.225806451612903136e-01 3.225806451612903136e-01
3.333333333333333148e-01 3.333333333333333148e-01 3.125000000000000000e-01 6.774193548387096309e-01 6.774193548387096309e-01
6.666666666666666297e-01 6.666666666666666297e-01 6.875000000000000000e-01 6.774193548387096309e-01 6.774193548387096309e-01
6.666666666666666297e-01 6.666666666666666297e-01 6.875000000000000000e-01 6.774193548387096309e-01 6.774193548387096309e-01
6.666666666666666297e-01 6.666666666666666297e-01 6.875000000000000000e-01 6.774193548387096309e-01 6.774193548387096309e-01
6.666666666666666297e-01 6.666666666666666297e-01 6.875000000000000000e-01 6.774193548387096309e-01 6.774193548387096309e-01
6.666666666666666297e-01 6.666666666666666297e-01 6.875000000000000000e-01 6.774193548387096309e-01 6.774193548387096309e-01
6.666666666666666297e-01 6.666666666666666297e-01 6.875000000000000000e-01 6.774193548387096309e-01 6.774193548387096309e-01
6.666666666666666297e-01 6.666666666666666297e-01 6.875000000000000000e-01 6.774193548387096309e-01 6.774193548387096309e-01
6.666666666666666297e-01 6.666666666666666297e-01 6.875000000000000000e-01 6.774193548387096309e-01 6.774193548387096309e-01
6.666666666666666297e-01 6.666666666666666297e-01 6.875000000000000000e-01 6.774193548387096309e-01 6.774193548387096309e-01
6.666666666666666297e-01 6.666666666666666297e-01 6.875000000000000000e-01 6.774193548387096309e-01 6.774193548387096309e-01
6.666666666666666297e-01 6.666666666666666297e-01 6.875000000000000000e-01 6.774193548387096309e-01 6.774193548387096309e-01
6.666666666666666297e-01 6.666666666666666297e-01 6.875000000000000000e-01 6.774193548387096309e-01 6.774193548387096309e-01
6.666666666666666297e-01 6.666666666666666297e-01 6.875000000000000000e-01 6.774193548387096309e-01 6.774193548387096309e-01
6.666666666666666297e-01 6.666666666666666297e-01 6.875000000000000000e-01 6.774193548387096309e-01 6.774193548387096309e-01
6.666666666666666297e-01 6.666666666666666297e-01 6.875000000000000000e-01 6.774193548387096309e-01 6.774193548387096309e-01
6.666666666666666297e-01 6.666666666666666297e-01 6.875000000000000000e-01 6.774193548387096309e-01 6.774193548387096309e-01
6.666666666666666297e-01 6.666666666666666297e-01 6.875000000000000000e-01 6.774193548387096309e-01 6.774193548387096309e-01
6.666666666666666297e-01 6.666666666666666297e-01 6.875000000000000000e-01 6.774193548387096309e-01 6.774193548387096309e-01
6.666666666666666297e-01 6.666666666666666297e-01 6.875000000000000000e-01 6.774193548387096309e-01 6.774193548387096309e-01
6.666666666666666297e-01 6.666666666666666297e-01 6.875000000000000000e-01 6.774193548387096309e-01 6.774193548387096309e-01
6.666666666666666297e-01 6.666666666666666297e-01 6.875000000000000000e-01 6.774193548387096309e-01 6.774193548387096309e-01
6.666666666666666297e-01 6.666666666666666297e-01 6.875000000000000000e-01 6.774193548387096309e-01 6.774193548387096309e-01
3.333333333333333148e-01 3.333333333333333148e-01 6.875000000000000000e-01 6.774193548387096309e-01 6.774193548387096309e-01
3.333333333333333148e-01 3.333333333333333148e-01 6.875000000000000000e-01 6.774193548387096309e-01 6.774193548387096309e-01
3.333333333333333148e-01 3.333333333333333148e-01 6.875000000000000000e-01 3.225806451612903136e-01 3.225806451612903136e-01
3.333333333333333148e-01 3.333333333333333148e-01 6.875000000000000000e-01 3.225806451612903136e-01 3.225806451612903136e-01
6.666666666666666297e-01 6.666666666666666297e-01 6.875000000000000000e-01 3.225806451612903136e-01 3.225806451612903136e-01
3.333333333333333148e-01 3.333333333333333148e-01 6.875000000000000000e-01 6.774193548387096309e-01 6.774193548387096309e-01
6.666666666666666297e-01 6.666666666666666297e-01 6.875000000000000000e-01 3.225806451612903136e-01 3.225806451612903136e-01
3.333333333333333148e-01 3.333333333333333148e-01 6.875000000000000000e-01 3.225806451612903136e-01 3.225806451612903136e-01
3.333333333333333148e-01 3.333333333333333148e-01 3.125000000000000000e-01 6.774193548387096309e-01 6.774193548387096309e-01
3.333333333333333148e-01 3.333333333333333148e-01 6.875000000000000000e-01 3.225806451612903136e-01 3.225806451612903136e-01
3.333333333333333148e-01 3.333333333333333148e-01 6.875000000000000000e-01 6.774193548387096309e-01 6.774193548387096309e-01
3.333333333333333148e-01 3.333333333333333148e-01 3.125000000000000000e-01 3.225806451612903136e-01 3.225806451612903136e-01
3.333333333333333148e-01 3.333333333333333148e-01 6.875000000000000000e-01 6.774193548387096309e-01 6.774193548387096309e-01
6.666666666666666297e-01 6.666666666666666297e-01 6.875000000000000000e-01 3.225806451612903136e-01 3.225806451612903136e-01
3.333333333333333148e-01 3.333333333333333148e-01 6.875000000000000000e-01 6.774193548387096309e-01 6.774193548387096309e-01
3.333333333333333148e-01 3.333333333333333148e-01 6.875000000000000000e-01 6.774193548387096309e-01 6.774193548387096309e-01
3.333333333333333148e-01 3.333333333333333148e-01 3.125000000000000000e-01 3.225806451612903136e-01 3.225806451612903136e-01
3.333333333333333148e-01 3.333333333333333148e-01 6.875000000000000000e-01 3.225806451612903136e-01 3.225806451612903136e-01
3.333333333333333148e-01 3.333333333333333148e-01 3.125000000000000000e-01 6.774193548387096309e-01 6.774193548387096309e-01
6.666666666666666297e-01 6.666666666666666297e-01 6.875000000000000000e-01 6.774193548387096309e-01 6.774193548387096309e-01
6.666666666666666297e-01 6.666666666666666297e-01 6.875000000000000000e-01 6.774193548387096309e-01 6.774193548387096309e-01
6.666666666666666297e-01 6.666666666666666297e-01 6.875000000000000000e-01 6.774193548387096309e-01 6.774193548387096309e-01
6.666666666666666297e-01 6.666666666666666297e-01 6.875000000000000000e-01 6.774193548387096309e-01 6.774193548387096309e-01
6.666666666666666297e-01 6.666666666666666297e-01 6.875000000000000000e-01 6.774193548387096309e-01 6.774193548387096309e-01
6.666666666666666297e-01 6.666666666666666297e-01 6.875000000000000000e-01 6.774193548387096309e-01 6.774193548387096309e-01
6.666666666666666297e-01 6.666666666666666297e-01 6.875000000000000000e-01 6.774193548387096309e-01 6.774193548387096309e-01
6.666666666666666297e-01 6.666666666666666297e-01 6.875000000000000000e-01 6.774193548387096309e-01 6.774193548387096309e-01
6.666666666666666297e-01 6.666666666666666297e-01 6.875000000000000000e-01 6.774193548387096309e-01 6.774193548387096309e-01
6.666666666666666297e-01 6.666666666666666297e-01 6.875000000000000000e-01 6.774193548387096309e-01 6.774193548387096309e-01
6.666666666666666297e-01 6.666666666666666297e-01 6.875000000000000000e-01 6.774193548387096309e-01 6.774193548387096309e-01
6.666666666666666297e-01 6.666666666666666297e-01 6.875000000000000000e-01 6.774193548387096309e-01 6.774193548387096309e-01
6.666666666666666297e-01 6.666666666666666297e-01 6.875000000000000000e-01 6.774193548387096309e-01 6.774193548387096309e-01
6.666666666666666297e-01 6.666666666666666297e-01 6.875000000000000000e-01 6.774193548387096309e-01 6.774193548387096309e-01
6.666666666666666297e-01 6.666666666666666297e-01 6.875000000000000000e-01 6.774193548387096309e-01 6.774193548387096309e-01
6.666666666666666297e-01 6.666666666666666297e-01 6.875000000000000000e-01 6.774193548387096309e-01 6.774193548387096309e-01
6.666666666666666297e-01 6.666666666666666297e-01 6.875000000000000000e-01 6.774193548387096309e-01 6.774193548387096309e-01
6.666666666666666297e-01 6.666666666666666297e-01 6.875000000000000000e-01 6.774193548387096309e-01 6.774193548387096309e-01
6.666666666666666297e-01 6.666666666666666297e-01 6.875000000000000000e-01 6.774193548387096309e-01 6.774193548387096309e-01
6.666666666666666297e-01 6.666666666666666297e-01 6.875000000000000000e-01 6.774193548387096309e-01 6.774193548387096309e-01
6.666666666666666297e-01 6.666666666666666297e-01 6.875000000000000000e-01 6.774193548387096309e-01 6.774193548387096309e-01
6.666666666666666297e-01 6.666666666666666297e-01 6.875000000000000000e-01 6.774193548387096309e-01 6.774193548387096309e-01
3.333333333333333148e-01 3.333333333333333148e-01 6.875000000000000000e-01 6.774193548387096309e-01 6.774193548387096309e-01
3.333333333333333148e-01 3.333333333333333148e-01 6.875000000000000000e-01 6.774193548387096309e-01 6.774193548387096309e-01
3.333333333333333148e-01 3.333333333333333148e-01 6.875000000000000000e-01 3.225806451612903136e-01 3.225806451612903136e-01
3.333333333333333148e-01 3.333333333333333148e-01 6.875000000000000000e-01 3.225806451612903136e-01 3.225806451612903136e-01
6.666666666666666297e-01 6.666666666666666297e-01 6.875000000000000000e-01 3.225806451612903136e-01 3.225806451612903136e-01
3.333333333333333148e-01 3.333333333333333148e-01 6.875000000000000000e-01 6.774193548387096309e-01 6.774193548387096309e-01
6.666666666666666297e-01 6.666666666666666297e-01 6.875000000000000000e-01 3.225806451612903136e-01 3.225806451612903136e-01
3.333333333333333148e-01 3.333333333333333148e-01 6.875000000000000000e-01 3.225806451612903136e-01 3.225806451612903136e-01
3.333333333333333148e-01 3.333333333333333148e-01 3.125000000000000000e-01 6.774193548387096309e-01 6.774193548387096309e-01
3.333333333333333148e-01 3.333333333333333148e-01 6.875000000000000000e-01 3.225806451612903136e-01 3.225806451612903136e-01
3.333333333333333148e-01 3.333333333333333148e-01 6.875000000000000000e-01 6.774193548387096309e-01 6.774193548387096309e-01
3.333333333333333148e-01 3.333333333333333148e-01 3.125000000000000000e-01 3.225806451612903136e-01 3.225806451612903136e-01
3.333333333333333148e-01 3.333333333333333148e-01 6.875000000000000000e-01 6.774193548387096309e-01 6.774193548387096309e-01
6.666666666666666297e-01 6.666666666666666297e-01 6.875000000000000000e-01 3.225806451612903136e-01 3.225806451612903136e-01
3.333333333333333148e-01 3.333333333333333148e-01 6.875000000000000000e-01 6.774193548387096309e-01 6.774193548387096309e-01
3.333333333333333148e-01 3.333333333333333148e-01 6.875000000000000000e-01 6.774193548387096309e-01 6.774193548387096309e-01
3.333333333333333148e-01 3.333333333333333148e-01 3.125000000000000000e-01 3.225806451612903136e-01 3.225806451612903136e-01
3.333333333333333148e-01 3.333333333333333148e-01 6.875000000000000000e-01 3.225806451612903136e-01 3.225806451612903136e-01
3.333333333333333148e-01 3.333333333333333148e-01 3.125000000000000000e-01 6.774193548387096309e-01 6.774193548387096309e-01
6.666666666666666297e-01 6.666666666666666297e-01 6.875000000000000000e-01 6.774193548387096309e-01 6.774193548387096309e-01
6.666666666666666297e-01 6.666666666666666297e-01 6.875000000000000000e-01 6.774193548387096309e-01 6.774193548387096309e-01
6.666666666666666297e-01 6.666666666666666297e-01 6.875000000000000000e-01 6.774193548387096309e-01 6.774193548387096309e-01
6.666666666666666297e-01 6.666666666666666297e-01 6.875000000000000000e-01 6.774193548387096309e-01 6.774193548387096309e-01
6.666666666666666297e-01 6.666666666666666297e-01 6.875000000000000000e-01 6.774193548387096309e-01 6.774193548387096309e-01
6.666666666666666297e-01 6.666666666666666297e-01 6.875000000000000000e-01 6.774193548387096309e-01 6.774193548387096309e-01
6.666666666666666297e-01 6.666666666666666297e-01 6.875000000000000000e-01 6.774193548387096309e-01 6.774193548387096309e-01
6.666666666666666297e-01 6.666666666666666297e-01 6.875000000000000000e-01 6.774193548387096309e-01 6.774193548387096309e-01
6.666666666666666297e-01 6.666666666666666297e-01 6.875000000000000000e-01 6.774193548387096309e-01 6.774193548387096309e-01
6.666666666666666297e-01 6.666666666666666297e-01 6.875000000000000000e-01 6.774193548387096309e-01 6.774193548387096309e-01
6.666666666666666297e-01 6.666666666666666297e-01 6.875000000000000000e-01 6.774193548387096309e-01 6.774193548387096309e-01
6.666666666666666297e-01 6.666666666666666297e-01 6.875000000000000000e-01 6.774193548387096309e-01 6.774193548387096309e-01
6.666666666666666297e-01 6.666666666666666297e-01 6.875000000000000000e-01 6.774193548387096309e-01 6.774193548387096309e-01
6.666666666666666297e-01 6.666666666666666297e-01 6.875000000000000000e-01 6.774193548387096309e-01 6.774193548387096309e-01
6.666666666666666297e-01 6.666666666666666297e-01 6.875000000000000000e-01 6.774193548387096309e-01 6.774193548387096309e-01
6.666666666666666297e-01 6.666666666666666297e-01 6.875000000000000000e-01 6.774193548387096309e-01 6.774193548387096309e-01
6.666666666666666297e-01 6.666666666666666297e-01 6.875000000000000000e-01 6.774193548387096309e-01 6.774193548387096309e-01
6.666666666666666297e-01 6.666666666666666297e-01 6.875000000000000000e-01 6.774193548387096309e-01 6.774193548387096309e-01
6.666666666666666297e-01 6.666666666666666297e-01 6.875000000000000000e-01 6.774193548387096309e-01 6.774193548387096309e-01
6.666666666666666297e-01 6.666666666666666297e-01 6.875000000000000000e-01 6.774193548387096309e-01 6.774193548387096309e-01
6.666666666666666297e-01 6.666666666666666297e-01 6.875000000000000000e-01 6.774193548387096309e-01 6.774193548387096309e-01
6.666666666666666297e-01 6.666666666666666297e-01 6.875000000000000000e-01 6.774193548387096309e-01 6.774193548387096309e-01
3.333333333333333148e-01 3.333333333333333148e-01 6.875000000000000000e-01 6.774193548387096309e-01 6.774193548387096309e-01
3.333333333333333148e-01 3.333333333333333148e-01 6.875000000000000000e-01 6.774193548387096309e-01 6.774193548387096309e-01
3.333333333333333148e-01 3.333333333333333148e-01 6.875000000000000000e-01 3.225806451612903136e-01 3.225806451612903136e-01
3.333333333333333148e-01 3.333333333333333148e-01 6.875000000000000000e-01 3.225806451612903136e-01 3.225806451612903136e-01
6.666666666666666297e-01 6.666666666666666297e-01 6.875000000000000000e-01 3.225806451612903136e-01 3.225806451612903136e-01
3.333333333333333148e-01 3.333333333333333148e-01 6.875000000000000000e-01 6.774193548387096309e-01 6.774193548387096309e-01
6.666666666666666297e-01 6.666666666666666297e-01 6.875000000000000000e-01 3.225806451612903136e-01 3.225806451612903136e-01
3.333333333333333148e-01 3.333333333333333148e-01 6.875000000000000000e-01 3.225806451612903136e-01 3.225806451612903136e-01
3.333333333333333148e-01 3.333333333333333148e-01 3.125000000000000000e-01 6.774193548387096309e-01 6.774193548387096309e-01
3.333333333333333148e-01 3.333333333333333148e-01 6.875000000000000000e-01 3.225806451612903136e-01 3.225806451612903136e-01
3.333333333333333148e-01 3.333333333333333148e-01 6.875000000000000000e-01 6.774193548387096309e-01 6.774193548387096309e-01
3.333333333333333148e-01 3.333333333333333148e-01 3.125000000000000000e-01 3.225806451612903136e-01 3.225806451612903136e-01
3.333333333333333148e-01 3.333333333333333148e-01 6.875000000000000000e-01 6.774193548387096309e-01 6.774193548387096309e-01
6.666666666666666297e-01 6.666666666666666297e-01 6.875000000000000000e-01 3.225806451612903136e-01 3.225806451612903136e-01
3.333333333333333148e-01 3.333333333333333148e-01 6.875000000000000000e-01 6.774193548387096309e-01 6.774193548387096309e-01
3.333333333333333148e-01 3.333333333333333148e-01 6.875000000000000000e-01 6.774193548387096309e-01 6.774193548387096309e-01
3.333333333333333148e-01 3.333333333333333148e-01 3.125000000000000000e-01 3.225806451612903136e-01 3.225806451612903136e-01
3.333333333333333148e-01 3.333333333333333148e-01 6.875000000000000000e-01 3.225806451612903136e-01 3.225806451612903136e-01
3.333333333333333148e-01 3.333333333333333148e-01 3.125000000000000000e-01 6.774193548387096309e-01 6.774193548387096309e-01
6.666666666666666297e-01 6.666666666666666297e-01 6.875000000000000000e-01 6.774193548387096309e-01 6.774193548387096309e-01
6.666666666666666297e-01 6.666666666666666297e-01 6.875000000000000000e-01 6.774193548387096309e-01 6.774193548387096309e-01
6.666666666666666297e-01 6.666666666666666297e-01 6.875000000000000000e-01 6.774193548387096309e-01 6.774193548387096309e-01
6.666666666666666297e-01 6.666666666666666297e-01 6.875000000000000000e-01 6.774193548387096309e-01 6.774193548387096309e-01
6.666666666666666297e-01 6.666666666666666297e-01 6.875000000000000000e-01 6.774193548387096309e-01 6.774193548387096309e-01
6.666666666666666297e-01 6.666666666666666297e-01 6.875000000000000000e-01 6.774193548387096309e-01 6.774193548387096309e-01
6.666666666666666297e-01 6.666666666666666297e-01 6.875000000000000000e-01 6.774193548387096309e-01 6.774193548387096309e-01
6.666666666666666297e-01 6.666666666666666297e-01 6.875000000000000000e-01 6.774193548387096309e-01 6.774193548387096309e-01
6.666666666666666297e-01 6.666666666666666297e-01 6.875000000000000000e-01 6.774193548387096309e-01 6.774193548387096309e-01
6.666666666666666297e-01 6.666666666666666297e-01 6.875000000000000000e-01 6.774193548387096309e-01 6.774193548387096309e-01
6.666666666666666297e-01 6.666666666666666297e-01 6.875000000000000000e-01 6.774193548387096309e-01 6.774193548387096309e-01
6.666666666666666297e-01 6.666666666666666297e-01 6.875000000000000000e-01 6.774193548387096309e-01 6.774193548387096309e-01
6.666666666666666297e-01 6.666666666666666297e-01 6.875000000000000000e-01 6.774193548387096309e-01 6.774193548387096309e-01
6.666666666666666297e-01 6.666666666666666297e-01 6.875000000000000000e-01 6.774193548387096309e-01 6.774193548387096309e-01
6.666666666666666297e-01 6.666666666666666297e-01 6.875000000000000000e-01 6.774193548387096309e-01 6.774193548387096309e-01
6.666666666666666297e-01 6.666666666666666297e-01 6.875000000000000000e-01 6.774193548387096309e-01 6.774193548387096309e-01
6.666666666666666297e-01 6.666666666666666297e-01 6.875000000000000000e-01 6.774193548387096309e-01 6.774193548387096309e-01
6.666666666666666297e-01 6.666666666666666297e-01 6.875000000000000000e-01 6.774193548387096309e-01 6.774193548387096309e-01
6.666666666666666297e-01 6.666666666666666297e-01 6.875000000000000000e-01 6.774193548387096309e-01 6.774193548387096309e-01
6.666666666666666297e-01 6.666666666666666297e-01 6.875000000000000000e-01 6.774193548387096309e-01 6.774193548387096309e-01
6.666666666666666297e-01 6.666666666666666297e-01 6.875000000000000000e-01 6.774193548387096309e-01 6.774193548387096309e-01
6.666666666666666297e-01 6.666666666666666297e-01 6.875000000000000000e-01 6.774193548387096309e-01 6.774193548387096309e-01
3.333333333333333148e-01 3.333333333333333148e-01 6.875000000000000000e-01 6.774193548387096309e-01 6.774193548387096309e-01
3.333333333333333148e-01 3.333333333333333148e-01 6.875000000000000000e-01 6.774193548387096309e-01 6.774193548387096309e-01
3.333333333333333148e-01 3.333333333333333148e-01 6.875000000000000000e-01 3.225806451612903136e-01 3.225806451612903136e-01
3.333333333333333148e-01 3.333333333333333148e-01 6.875000000000000000e-01 3.225806451612903136e-01 3.225806451612903136e-01
6.666666666666666297e-01 6.666666666666666297e-01 6.875000000000000000e-01 3.225806451612903136e-01 3.225806451612903136e-01
3.333333333333333148e-01 3.333333333333333148e-01 6.875000000000000000e-01 6.774193548387096309e-01 6.774193548387096309e-01
6.666666666666666297e-01 6.666666666666666297e-01 6.875000000000000000e-01 3.225806451612903136e-01 3.225806451612903136e-01
3.333333333333333148e-01 3.333333333333333148e-01 6.875000000000000000e-01 3.225806451612903136e-01 3.225806451612903136e-01
3.333333333333333148e-01 3.333333333333333148e-01 3.125000000000000000e-01 6.774193548387096309e-01 6.774193548387096309e-01
3.333333333333333148e-01 3.333333333333333148e-01 6.875000000000000000e-01 3.225806451612903136e-01 3.225806451612903136e-01
3.333333333333333148e-01 3.333333333333333148e-01 6.875000000000000000e-01 6.774193548387096309e-01 6.774193548387096309e-01
3.333333333333333148e-01 3.333333333333333148e-01 3.125000000000000000e-01 3.225806451612903136e-01 3.225806451612903136e-01
3.333333333333333148e-01 3.333333333333333148e-01 6.875000000000000000e-01 6.774193548387096309e-01 6.774193548387096309e-01
6.666666666666666297e-01 6.666666666666666297e-01 6.875000000000000000e-01 3.225806451612903136e-01 3.225806451612903136e-01
3.333333333333333148e-01 3.333333333333333148e-01 6.875000000000000000e-01 6.774193548387096309e-01 6.774193548387096309e-01
3.333333333333333148e-01 3.333333333333333148e-01 6.875000000000000000e-01 6.774193548387096309e-01 6.774193548387096309e-01
3.333333333333333148e-01 3.333333333333333148e-01 3.125000000000000000e-01 3.225806451612903136e-01 3.225806451612903136e-01
3.333333333333333148e-01 3.333333333333333148e-01 6.875000000000000000e-01 3.225806451612903136e-01 3.225806451612903136e-01
3.333333333333333148e-01 3.333333333333333148e-01 3.125000000000000000e-01 6.774193548387096309e-01 6.774193548387096309e-01
6.666666666666666297e-01 6.666666666666666297e-01 6.875000000000000000e-01 6.774193548387096309e-01 6.774193548387096309e-01
6.666666666666666297e-01 6.666666666666666297e-01 6.875000000000000000e-01 6.774193548387096309e-01 6.774193548387096309e-01
6.666666666666666297e-01 6.666666666666666297e-01 6.875000000000000000e-01 6.774193548387096309e-01 6.774193548387096309e-01
6.666666666666666297e-01 6.666666666666666297e-01 6.875000000000000000e-01 6.774193548387096309e-01 6.774193548387096309e-01
6.666666666666666297e-01 6.666666666666666297e-01 6.875000000000000000e-01 6.774193548387096309e-01 6.774193548387096309e-01
6.666666666666666297e-01 6.666666666666666297e-01 6.875000000000000000e-01 6.774193548387096309e-01 6.774193548387096309e-01
6.666666666666666297e-01 6.666666666666666297e-01 6.875000000000000000e-01 6.774193548387096309e-01 6.774193548387096309e-01
6.666666666666666297e-01 6.666666666666666297e-01 6.875000000000000000e-01 6.774193548387096309e-01 6.774193548387096309e-01
6.666666666666666297e-01 6.666666666666666297e-01 6.875000000000000000e-01 6.774193548387096309e-01 6.774193548387096309e-01
6.666666666666666297e-01 6.666666666666666297e-01 6.875000000000000000e-01 6.774193548387096309e-01 6.774193548387096309e-01
6.666666666666666297e-01 6.666666666666666297e-01 6.875000000000000000e-01 6.774193548387096309e-01 6.774193548387096309e-01
6.666666666666666297e-01 6.666666666666666297e-01 6.875000000000000000e-01 6.774193548387096309e-01 6.774193548387096309e-01
6.666666666666666297e-01 6.666666666666666297e-01 6.875000000000000000e-01 6.774193548387096309e-01 6.774193548387096309e-01
6.666666666666666297e-01 6.666666666666666297e-01 6.875000000000000000e-01 6.774193548387096309e-01 6.774193548387096309e-01
6.666666666666666297e-01 6.666666666666666297e-01 6.875000000000000000e-01 6.774193548387096309e-01 6.774193548387096309e-01
6.666666666666666297e-01 6.666666666666666297e-01 6.875000000000000000e-01 6.774193548387096309e-01 6.774193548387096309e-01
6.666666666666666297e-01 6.666666666666666297e-01 6.875000000000000000e-01 6.774193548387096309e-01 6.774193548387096309e-01
6.666666666666666297e-01 6.666666666666666297e-01 6.875000000000000000e-01 6.774193548387096309e-01 6.774193548387096309e-01
6.666666666666666297e-01 6.666666666666666297e-01 6.875000000000000000e-01 6.774193548387096309e-01 6.774193548387096309e-01
6.666666666666666297e-01 6.666666666666666297e-01 6.875000000000000000e-01 6.774193548387096309e-01 6.774193548387096309e-01
6.666666666666666297e-01 6.666666666666666297e-01 6.875000000000000000e-01 6.774193548387096309e-01 6.774193548387096309e-01
