5.673162393162392014e-01
5.673162393162392014e-01
5.673162393162392014e-01
4.442393162393162842e-01
5.437948717948718480e-01
5.228717948717948039e-01
5.228717948717948039e-01
3.997948717948718311e-01
6.668717948717949318e-01
5.228717948717948039e-01
6.668717948717949318e-01
3.997948717948718311e-01
3.997948717948718311e-01
3.997948717948718311e-01
3.997948717948718311e-01
6.668717948717949318e-01
5.437948717948718480e-01
5.437948717948718480e-01
5.228717948717948039e-01
5.437948717948718480e-01
6.668717948717949318e-01
6.668717948717949318e-01
6.668717948717949318e-01
6.668717948717949318e-01
6.668717948717949318e-01
6.668717948717949318e-01
6.668717948717949318e-01
6.668717948717949318e-01
6.668717948717949318e-01
6.668717948717949318e-01
6.668717948717949318e-01
6.668717948717949318e-01
6.668717948717949318e-01
6.668717948717949318e-01
6.668717948717949318e-01
6.668717948717949318e-01
6.668717948717949318e-01
6.668717948717949318e-01
6.668717948717949318e-01
6.668717948717949318e-01
6.668717948717949318e-01
5.525014245014243652e-01
5.525014245014243652e-01
5.525014245014243652e-01
4.294245014245013925e-01
5.437948717948718480e-01
5.228717948717948039e-01
5.228717948717948039e-01
3.997948717948718311e-01
6.668717948717949318e-01
5.228717948717948039e-01
6.668717948717949318e-01
3.997948717948718311e-01
3.997948717948718311e-01
3.997948717948718311e-01
3.997948717948718311e-01
6.668717948717949318e-01
5.437948717948718480e-01
5.437948717948718480e-01
5.228717948717948039e-01
5.437948717948718480e-01
6.668717948717949318e-01
6.668717948717949318e-01
6.668717948717949318e-01
6.668717948717949318e-01
6.668717948717949318e-01
6.668717948717949318e-01
6.668717948717949318e-01
6.668717948717949318e-01
6.668717948717949318e-01
6.668717948717949318e-01
6.668717948717949318e-01
6.668717948717949318e-01
6.668717948717949318e-01
6.668717948717949318e-01
6.668717948717949318e-01
6.668717948717949318e-01
6.668717948717949318e-01
6.668717948717949318e-01
6.668717948717949318e-01
6.668717948717949318e-01
6.668717948717949318e-01
5.450940170940170582e-01
5.450940170940170582e-01
5.450940170940170582e-01
4.220170940170940854e-01
5.437948717948718480e-01
5.228717948717948039e-01
5.228717948717948039e-01
3.997948717948718311e-01
6.668717948717949318e-01
5.228717948717948039e-01
6.668717948717949318e-01
3.997948717948718311e-01
3.997948717948718311e-01
3.997948717948718311e-01
3.997948717948718311e-01
6.668717948717949318e-01
5.437948717948718480e-01
5.437948717948718480e-01
5.228717948717948039e-01
5.437948717948718480e-01
6.668717948717949318e-01
6.668717948717949318e-01
6.668717948717949318e-01
6.668717948717949318e-01
6.668717948717949318e-01
6.668717948717949318e-01
6.668717948717949318e-01
6.668717948717949318e-01
6.668717948717949318e-01
6.668717948717949318e-01
6.668717948717949318e-01
6.668717948717949318e-01
6.668717948717949318e-01
6.668717948717949318e-01
6.668717948717949318e-01
6.668717948717949318e-01
6.668717948717949318e-01
6.668717948717949318e-01
6.668717948717949318e-01
6.668717948717949318e-01
6.668717948717949318e-01
5.525014245014243652e-01
5.525014245014243652e-01
5.525014245014243652e-01
4.294245014245013925e-01
5.437948717948718480e-01
5.228717948717948039e-01
5.228717948717948039e-01
3.997948717948718311e-01
6.668717948717949318e-01
5.228717948717948039e-01
6.668717948717949318e-01
3.997948717948718311e-01
3.997948717948718311e-01
3.997948717948718311e-01
3.997948717948718311e-01
6.668717948717949318e-01
5.437948717948718480e-01
5.437948717948718480e-01
5.228717948717948039e-01
5.437948717948718480e-01
6.668717948717949318e-01
6.668717948717949318e-01
6.668717948717949318e-01
6.668717948717949318e-01
6.668717948717949318e-01
6.668717948717949318e-01
6.668717948717949318e-01
6.668717948717949318e-01
6.668717948717949318e-01
6.668717948717949318e-01
6.668717948717949318e-01
6.668717948717949318e-01
6.668717948717949318e-01
6.668717948717949318e-01
6.668717948717949318e-01
6.668717948717949318e-01
6.668717948717949318e-01
6.668717948717949318e-01
6.668717948717949318e-01
6.668717948717949318e-01
6.668717948717949318e-01
5.450940170940170582e-01
5.450940170940170582e-01
5.450940170940170582e-01
4.220170940170940854e-01
5.437948717948718480e-01
5.228717948717948039e-01
5.228717948717948039e-01
3.997948717948718311e-01
6.668717948717949318e-01
5.228717948717948039e-01
6.668717948717949318e-01
3.997948717948718311e-01
3.997948717948718311e-01
3.997948717948718311e-01
3.997948717948718311e-01
6.668717948717949318e-01
5.437948717948718480e-01
5.437948717948718480e-01
5.228717948717948039e-01
5.437948717948718480e-01
6.668717948717949318e-01
6.668717948717949318e-01
6.668717948717949318e-01
6.668717948717949318e-01
6.668717948717949318e-01
6.668717948717949318e-01
6.668717948717949318e-01
6.668717948717949318e-01
6.668717948717949318e-01
6.668717948717949318e-01
6.668717948717949318e-01
6.668717948717949318e-01
6.668717948717949318e-01
6.668717948717949318e-01
6.668717948717949318e-01
6.668717948717949318e-01
6.668717948717949318e-01
6.668717948717949318e-01
6.668717948717949318e-01
6.668717948717949318e-01
6.668717948717949318e-01
5.450940170940170582e-01
5.450940170940170582e-01
5.450940170940170582e-01
4.220170940170940854e-01
5.437948717948718480e-01
5.228717948717948039e-01
5.228717948717948039e-01
3.997948717948718311e-01
6.668717948717949318e-01
5.228717948717948039e-01
6.668717948717949318e-01
3.997948717948718311e-01
3.997948717948718311e-01
3.997948717948718311e-01
3.997948717948718311e-01
6.668717948717949318e-01
5.437948717948718480e-01
5.437948717948718480e-01
5.228717948717948039e-01
5.437948717948718480e-01
6.668717948717949318e-01
6.668717948717949318e-01
6.668717948717949318e-01
6.668717948717949318e-01
6.668717948717949318e-01
6.668717948717949318e-01
6.668717948717949318e-01
6.668717948717949318e-01
6.668717948717949318e-01
6.668717948717949318e-01
6.668717948717949318e-01
6.668717948717949318e-01
6.668717948717949318e-01
6.668717948717949318e-01
6.668717948717949318e-01
6.668717948717949318e-01
6.668717948717949318e-01
6.668717948717949318e-01
6.668717948717949318e-01
6.668717948717949318e-01
6.668717948717949318e-01
5.450940170940170582e-01
5.450940170940170582e-01
5.450940170940170582e-01
4.220170940170940854e-01
5.437948717948718480e-01
5.228717948717948039e-01
5.228717948717948039e-01
3.997948717948718311e-01
6.668717948717949318e-01
5.228717948717948039e-01
6.668717948717949318e-01
3.997948717948718311e-01
3.997948717948718311e-01
3.997948717948718311e-01
3.997948717948718311e-01
6.668717948717949318e-01
5.437948717948718480e-01
5.437948717948718480e-01
5.228717948717948039e-01
5.437948717948718480e-01
6.668717948717949318e-01
6.668717948717949318e-01
6.668717948717949318e-01
6.668717948717949318e-01
6.668717948717949318e-01
6.668717948717949318e-01
6.668717948717949318e-01
6.668717948717949318e-01
6.668717948717949318e-01
6.668717948717949318e-01
6.668717948717949318e-01
6.668717948717949318e-01
6.668717948717949318e-01
6.668717948717949318e-01
6.668717948717949318e-01
6.668717948717949318e-01
6.668717948717949318e-01
6.668717948717949318e-01
6.668717948717949318e-01
6.668717948717949318e-01
6.668717948717949318e-01
5.450940170940170582e-01
5.450940170940170582e-01
5.450940170940170582e-01
4.220170940170940854e-01
5.437948717948718480e-01
5.228717948717948039e-01
5.228717948717948039e-01
3.997948717948718311e-01
6.668717948717949318e-01
5.228717948717948039e-01
6.668717948717949318e-01
3.997948717948718311e-01
3.997948717948718311e-01
3.997948717948718311e-01
3.997948717948718311e-01
6.668717948717949318e-01
5.437948717948718480e-01
5.437948717948718480e-01
5.228717948717948039e-01
5.437948717948718480e-01
6.668717948717949318e-01
6.668717948717949318e-01
6.668717948717949318e-01
6.668717948717949318e-01
6.668717948717949318e-01
6.668717948717949318e-01
6.668717948717949318e-01
6.668717948717949318e-01
6.668717948717949318e-01
6.668717948717949318e-01
6.668717948717949318e-01
6.668717948717949318e-01
6.668717948717949318e-01
6.668717948717949318e-01
6.668717948717949318e-01
6.668717948717949318e-01
6.668717948717949318e-01
6.668717948717949318e-01
6.668717948717949318e-01
6.668717948717949318e-01
6.668717948717949318e-01
4.562051282051282075e-01
4.562051282051282075e-01
4.562051282051282075e-01
3.331282051282051238e-01
5.437948717948718480e-01
5.228717948717948039e-01
5.228717948717948039e-01
3.997948717948718311e-01
6.668717948717949318e-01
5.228717948717948039e-01
6.668717948717949318e-01
3.997948717948718311e-01
3.997948717948718311e-01
3.997948717948718311e-01
3.997948717948718311e-01
6.668717948717949318e-01
5.437948717948718480e-01
5.437948717948718480e-01
5.228717948717948039e-01
5.437948717948718480e-01
6.668717948717949318e-01
6.668717948717949318e-01
6.668717948717949318e-01
6.668717948717949318e-01
6.668717948717949318e-01
6.668717948717949318e-01
6.668717948717949318e-01
6.668717948717949318e-01
6.668717948717949318e-01
6.668717948717949318e-01
6.668717948717949318e-01
6.668717948717949318e-01
6.668717948717949318e-01
6.668717948717949318e-01
6.668717948717949318e-01
6.668717948717949318e-01
6.668717948717949318e-01
6.668717948717949318e-01
6.668717948717949318e-01
6.668717948717949318e-01
6.668717948717949318e-01
4.562051282051282075e-01
4.562051282051282075e-01
4.562051282051282075e-01
3.331282051282051238e-01
5.437948717948718480e-01
5.228717948717948039e-01
5.228717948717948039e-01
3.997948717948718311e-01
6.668717948717949318e-01
5.228717948717948039e-01
6.668717948717949318e-01
3.997948717948718311e-01
3.997948717948718311e-01
3.997948717948718311e-01
3.997948717948718311e-01
6.668717948717949318e-01
5.437948717948718480e-01
5.437948717948718480e-01
5.228717948717948039e-01
5.437948717948718480e-01
6.668717948717949318e-01
6.668717948717949318e-01
6.668717948717949318e-01
6.668717948717949318e-01
6.668717948717949318e-01
6.668717948717949318e-01
6.668717948717949318e-01
6.668717948717949318e-01
6.668717948717949318e-01
6.668717948717949318e-01
6.668717948717949318e-01
6.668717948717949318e-01
6.668717948717949318e-01
6.668717948717949318e-01
6.668717948717949318e-01
6.668717948717949318e-01
6.668717948717949318e-01
6.668717948717949318e-01
6.668717948717949318e-01
6.668717948717949318e-01
6.668717948717949318e-01
4.562051282051282075e-01
4.562051282051282075e-01
4.562051282051282075e-01
3.331282051282051238e-01
5.437948717948718480e-01
5.228717948717948039e-01
5.228717948717948039e-01
3.997948717948718311e-01
6.668717948717949318e-01
5.228717948717948039e-01
6.668717948717949318e-01
3.997948717948718311e-01
3.997948717948718311e-01
3.997948717948718311e-01
3.997948717948718311e-01
6.668717948717949318e-01
5.437948717948718480e-01
5.437948717948718480e-01
5.228717948717948039e-01
5.437948717948718480e-01
6.668717948717949318e-01
6.668717948717949318e-01
6.668717948717949318e-01
6.668717948717949318e-01
6.668717948717949318e-01
6.668717948717949318e-01
6.668717948717949318e-01
6.668717948717949318e-01
6.668717948717949318e-01
6.668717948717949318e-01
6.668717948717949318e-01
6.668717948717949318e-01
6.668717948717949318e-01
6.668717948717949318e-01
6.668717948717949318e-01
6.668717948717949318e-01
6.668717948717949318e-01
6.668717948717949318e-01
6.668717948717949318e-01
6.668717948717949318e-01
6.668717948717949318e-01
