8.888888888888888395e-01 6.538461538461538547e-01 6.538461538461538547e-01 3.200000000000000067e-01 3.200000000000000067e-01
8.888888888888888395e-01 6.538461538461538547e-01 6.538461538461538547e-01 3.200000000000000067e-01 3.200000000000000067e-01
8.888888888888888395e-01 6.538461538461538547e-01 6.538461538461538547e-01 3.200000000000000067e-01 3.200000000000000067e-01
8.888888888888888395e-01 3.461538461538461453e-01 3.461538461538461453e-01 3.200000000000000067e-01 3.200000000000000067e-01
6.666666666666666297e-01 3.461538461538461453e-01 3.461538461538461453e-01 6.800000000000000488e-01 6.800000000000000488e-01
6.666666666666666297e-01 6.538461538461538547e-01 6.538461538461538547e-01 3.200000000000000067e-01 3.200000000000000067e-01
6.666666666666666297e-01 6.538461538461538547e-01 6.538461538461538547e-01 3.200000000000000067e-01 3.200000000000000067e-01
6.666666666666666297e-01 3.461538461538461453e-01 3.461538461538461453e-01 3.200000000000000067e-01 3.200000000000000067e-01
6.666666666666666297e-01 6.538461538461538547e-01 6.538461538461538547e-01 6.800000000000000488e-01 6.800000000000000488e-01
6.666666666666666297e-01 6.538461538461538547e-01 6.538461538461538547e-01 3.200000000000000067e-01 3.200000000000000067e-01
6.666666666666666297e-01 6.538461538461538547e-01 6.538461538461538547e-01 6.800000000000000488e-01 6.800000000000000488e-01
6.666666666666666297e-01 3.461538461538461453e-01 3.461538461538461453e-01 3.200000000000000067e-01 3.200000000000000067e-01
6.666666666666666297e-01 3.461538461538461453e-01 3.461538461538461453e-01 3.200000000000000067e-01 3.200000000000000067e-01
6.666666666666666297e-01 3.461538461538461453e-01 3.461538461538461453e-01 3.200000000000000067e-01 3.200000000000000067e-01
6.666666666666666297e-01 3.461538461538461453e-01 3.461538461538461453e-01 3.200000000000000067e-01 3.200000000000000067e-01
6.666666666666666297e-01 6.538461538461538547e-01 6.538461538461538547e-01 6.800000000000000488e-01 6.800000000000000488e-01
6.666666666666666297e-01 3.461538461538461453e-01 3.461538461538461453e-01 6.800000000000000488e-01 6.800000000000000488e-01
6.666666666666666297e-01 3.461538461538461453e-01 3.461538461538461453e-01 6.800000000000000488e-01 6.800000000000000488e-01
6.666666666666666297e-01 6.538461538461538547e-01 6.538461538461538547e-01 3.200000000000000067e-01 3.200000000000000067e-01
6.666666666666666297e-01 3.461538461538461453e-01 3.461538461538461453e-01 6.800000000000000488e-01 6.800000000000000488e-01
6.666666666666666297e-01 6.538461538461538547e-01 6.538461538461538547e-01 6.800000000000000488e-01 6.800000000000000488e-01
6.666666666666666297e-01 6.538461538461538547e-01 6.538461538461538547e-01 6.800000000000000488e-01 6.800000000000000488e-01
6.666666666666666297e-01 6.538461538461538547e-01 6.538461538461538547e-01 6.800000000000000488e-01 6.800000000000000488e-01
6.666666666666666297e-01 6.538461538461538547e-01 6.538461538461538547e-01 6.800000000000000488e-01 6.800000000000000488e-01
6.666666666666666297e-01 6.538461538461538547e-01 6.538461538461538547e-01 6.800000000000000488e-01 6.800000000000000488e-01
6.666666666666666297e-01 6.538461538461538547e-01 6.538461538461538547e-01 6.800000000000000488e-01 6.800000000000000488e-01
6.666666666666666297e-01 6.538461538461538547e-01 6.538461538461538547e-01 6.800000000000000488e-01 6.800000000000000488e-01
6.666666666666666297e-01 6.538461538461538547e-01 6.538461538461538547e-01 6.800000000000000488e-01 6.800000000000000488e-01
6.666666666666666297e-01 6.538461538461538547e-01 6.538461538461538547e-01 6.800000000000000488e-01 6.800000000000000488e-01
6.666666666666666297e-01 6.538461538461538547e-01 6.538461538461538547e-01 6.800000000000000488e-01 6.800000000000000488e-01
6.666666666666666297e-01 6.538461538461538547e-01 6.538461538461538547e-01 6.800000000000000488e-01 6.800000000000000488e-01
6.666666666666666297e-01 6.538461538461538547e-01 6.538461538461538547e-01 6.800000000000000488e-01 6.800000000000000488e-01
6.666666666666666297e-01 6.538461538461538547e-01 6.538461538461538547e-01 6.800000000000000488e-01 6.800000000000000488e-01
6.666666666666666297e-01 6.538461538461538547e-01 6.538461538461538547e-01 6.800000000000000488e-01 6.800000000000000488e-01
6.666666666666666297e-01 6.538461538461538547e-01 6.538461538461538547e-01 6.800000000000000488e-01 6.800000000000000488e-01
6.666666666666666297e-01 6.538461538461538547e-01 6.538461538461538547e-01 6.800000000000000488e-01 6.800000000000000488e-01
6.666666666666666297e-01 6.538461538461538547e-01 6.538461538461538547e-01 6.800000000000000488e-01 6.800000000000000488e-01
6.666666666666666297e-01 6.538461538461538547e-01 6.538461538461538547e-01 6.800000000000000488e-01 6.800000000000000488e-01
6.666666666666666297e-01 6.538461538461538547e-01 6.538461538461538547e-01 6.800000000000000488e-01 6.800000000000000488e-01
6.666666666666666297e-01 6.538461538461538547e-01 6.538461538461538547e-01 6.800000000000000488e-01 6.800000000000000488e-01
6.666666666666666297e-01 6.538461538461538547e-01 6.538461538461538547e-01 6.800000000000000488e-01 6.800000000000000488e-01
8.148148148148147696e-01 6.538461538461538547e-01 6.538461538461538547e-01 3.200000000000000067e-01 3.200000000000000067e-01
8.148148148148147696e-01 6.538461538461538547e-01 6.538461538461538547e-01 3.200000000000000067e-01 3.200000000000000067e-01
8.148148148148147696e-01 6.538461538461538547e-01 6.538461538461538547e-01 3.200000000000000067e-01 3.200000000000000067e-01
8.148148148148147696e-01 3.461538461538461453e-01 3.461538461538461453e-01 3.200000000000000067e-01 3.200000000000000067e-01
6.666666666666666297e-01 3.461538461538461453e-01 3.461538461538461453e-01 6.800000000000000488e-01 6.800000000000000488e-01
6.666666666666666297e-01 6.538461538461538547e-01 6.538461538461538547e-01 3.200000000000000067e-01 3.200000000000000067e-01
6.666666666666666297e-01 6.538461538461538547e-01 6.538461538461538547e-01 3.200000000000000067e-01 3.200000000000000067e-01
6.666666666666666297e-01 3.461538461538461453e-01 3.461538461538461453e-01 3.200000000000000067e-01 3.200000000000000067e-01
6.666666666666666297e-01 6.538461538461538547e-01 6.538461538461538547e-01 6.800000000000000488e-01 6.800000000000000488e-01
6.666666666666666297e-01 6.538461538461538547e-01 6.538461538461538547e-01 3.200000000000000067e-01 3.200000000000000067e-01
6.666666666666666297e-01 6.538461538461538547e-01 6.538461538461538547e-01 6.800000000000000488e-01 6.800000000000000488e-01
6.666666666666666297e-01 3.461538461538461453e-01 3.461538461538461453e-01 3.200000000000000067e-01 3.200000000000000067e-01
6.666666666666666297e-01 3.461538461538461453e-01 3.461538461538461453e-01 3.200000000000000067e-01 3.200000000000000067e-01
6.666666666666666297e-01 3.461538461538461453e-01 3.461538461538461453e-01 3.200000000000000067e-01 3.200000000000000067e-01
6.666666666666666297e-01 3.461538461538461453e-01 3.461538461538461453e-01 3.200000000000000067e-01 3.200000000000000067e-01
6.666666666666666297e-01 6.538461538461538547e-01 6.538461538461538547e-01 6.800000000000000488e-01 6.800000000000000488e-01
6.666666666666666297e-01 3.461538461538461453e-01 3.461538461538461453e-01 6.800000000000000488e-01 6.800000000000000488e-01
6.666666666666666297e-01 3.461538461538461453e-01 3.461538461538461453e-01 6.800000000000000488e-01 6.800000000000000488e-01
6.666666666666666297e-01 6.538461538461538547e-01 6.538461538461538547e-01 3.200000000000000067e-01 3.200000000000000067e-01
6.666666666666666297e-01 3.461538461538461453e-01 3.461538461538461453e-01 6.800000000000000488e-01 6.800000000000000488e-01
6.666666666666666297e-01 6.538461538461538547e-01 6.538461538461538547e-01 6.800000000000000488e-01 6.800000000000000488e-01
6.666666666666666297e-01 6.538461538461538547e-01 6.538461538461538547e-01 6.800000000000000488e-01 6.800000000000000488e-01
6.666666666666666297e-01 6.538461538461538547e-01 6.538461538461538547e-01 6.800000000000000488e-01 6.800000000000000488e-01
6.666666666666666297e-01 6.538461538461538547e-01 6.538461538461538547e-01 6.800000000000000488e-01 6.800000000000000488e-01
6.666666666666666297e-01 6.538461538461538547e-01 6.538461538461538547e-01 6.800000000000000488e-01 6.800000000000000488e-01
6.666666666666666297e-01 6.538461538461538547e-01 6.538461538461538547e-01 6.800000000000000488e-01 6.800000000000000488e-01
6.666666666666666297e-01 6.538461538461538547e-01 6.538461538461538547e-01 6.800000000000000488e-01 6.800000000000000488e-01
6.666666666666666297e-01 6.538461538461538547e-01 6.538461538461538547e-01 6.800000000000000488e-01 6.800000000000000488e-01
6.666666666666666297e-01 6.538461538461538547e-01 6.538461538461538547e-01 6.800000000000000488e-01 6.800000000000000488e-01
6.666666666666666297e-01 6.538461538461538547e-01 6.538461538461538547e-01 6.800000000000000488e-01 6.800000000000000488e-01
6.666666666666666297e-01 6.538461538461538547e-01 6.538461538461538547e-01 6.800000000000000488e-01 6.800000000000000488e-01
6.666666666666666297e-01 6.538461538461538547e-01 6.538461538461538547e-01 6.800000000000000488e-01 6.800000000000000488e-01
6.666666666666666297e-01 6.538461538461538547e-01 6.538461538461538547e-01 6.800000000000000488e-01 6.800000000000000488e-01
6.666666666666666297e-01 6.538461538461538547e-01 6.538461538461538547e-01 6.800000000000000488e-01 6.800000000000000488e-01
6.666666666666666297e-01 6.538461538461538547e-01 6.538461538461538547e-01 6.800000000000000488e-01 6.800000000000000488e-01
6.666666666666666297e-01 6.538461538461538547e-01 6.538461538461538547e-01 6.800000000000000488e-01 6.800000000000000488e-01
6.666666666666666297e-01 6.538461538461538547e-01 6.538461538461538547e-01 6.800000000000000488e-01 6.800000000000000488e-01
6.666666666666666297e-01 6.538461538461538547e-01 6.538461538461538547e-01 6.800000000000000488e-01 6.800000000000000488e-01
6.666666666666666297e-01 6.538461538461538547e-01 6.538461538461538547e-01 6.800000000000000488e-01 6.800000000000000488e-01
6.666666666666666297e-01 6.538461538461538547e-01 6.538461538461538547e-01 6.800000000000000488e-01 6.800000000000000488e-01
6.666666666666666297e-01 6.538461538461538547e-01 6.538461538461538547e-01 6.800000000000000488e-01 6.800000000000000488e-01
7.777777777777777901e-01 6.538461538461538547e-01 6.538461538461538547e-01 3.200000000000000067e-01 3.200000000000000067e-01
7.777777777777777901e-01 6.538461538461538547e-01 6.538461538461538547e-01 3.200000000000000067e-01 3.200000000000000067e-01
7.777777777777777901e-01 6.538461538461538547e-01 6.538461538461538547e-01 3.200000000000000067e-01 3.200000000000000067e-01
7.777777777777777901e-01 3.461538461538461453e-01 3.461538461538461453e-01 3.200000000000000067e-01 3.200000000000000067e-01
6.666666666666666297e-01 3.461538461538461453e-01 3.461538461538461453e-01 6.800000000000000488e-01 6.800000000000000488e-01
6.666666666666666297e-01 6.538461538461538547e-01 6.538461538461538547e-01 3.200000000000000067e-01 3.200000000000000067e-01
6.666666666666666297e-01 6.538461538461538547e-01 6.538461538461538547e-01 3.200000000000000067e-01 3.200000000000000067e-01
6.666666666666666297e-01 3.461538461538461453e-01 3.461538461538461453e-01 3.200000000000000067e-01 3.200000000000000067e-01
6.666666666666666297e-01 6.538461538461538547e-01 6.538461538461538547e-01 6.800000000000000488e-01 6.800000000000000488e-01
6.666666666666666297e-01 6.538461538461538547e-01 6.538461538461538547e-01 3.200000000000000067e-01 3.200000000000000067e-01
6.666666666666666297e-01 6.538461538461538547e-01 6.538461538461538547e-01 6.800000000000000488e-01 6.800000000000000488e-01
6.666666666666666297e-01 3.461538461538461453e-01 3.461538461538461453e-01 3.200000000000000067e-01 3.200000000000000067e-01
6.666666666666666297e-01 3.461538461538461453e-01 3.461538461538461453e-01 3.200000000000000067e-01 3.200000000000000067e-01
6.666666666666666297e-01 3.461538461538461453e-01 3.461538461538461453e-01 3.200000000000000067e-01 3.200000000000000067e-01
6.666666666666666297e-01 3.461538461538461453e-01 3.461538461538461453e-01 3.200000000000000067e-01 3.200000000000000067e-01
6.666666666666666297e-01 6.538461538461538547e-01 6.538461538461538547e-01 6.800000000000000488e-01 6.800000000000000488e-01
6.666666666666666297e-01 3.461538461538461453e-01 3.461538461538461453e-01 6.800000000000000488e-01 6.800000000000000488e-01
6.666666666666666297e-01 3.461538461538461453e-01 3.461538461538461453e-01 6.800000000000000488e-01 6.800000000000000488e-01
6.666666666666666297e-01 6.538461538461538547e-01 6.538461538461538547e-01 3.200000000000000067e-01 3.200000000000000067e-01
6.666666666666666297e-01 3.461538461538461453e-01 3.461538461538461453e-01 6.800000000000000488e-01 6.800000000000000488e-01
6.666666666666666297e-01 6.538461538461538547e-01 6.538461538461538547e-01 6.800000000000000488e-01 6.800000000000000488e-01
6.666666666666666297e-01 6.538461538461538547e-01 6.538461538461538547e-01 6.800000000000000488e-01 6.800000000000000488e-01
6.666666666666666297e-01 6.538461538461538547e-01 6.538461538461538547e-01 6.800000000000000488e-01 6.800000000000000488e-01
6.666666666666666297e-01 6.538461538461538547e-01 6.538461538461538547e-01 6.800000000000000488e-01 6.800000000000000488e-01
6.666666666666666297e-01 6.538461538461538547e-01 6.538461538461538547e-01 6.800000000000000488e-01 6.800000000000000488e-01
6.666666666666666297e-01 6.538461538461538547e-01 6.538461538461538547e-01 6.800000000000000488e-01 6.800000000000000488e-01
6.666666666666666297e-01 6.538461538461538547e-01 6.538461538461538547e-01 6.800000000000000488e-01 6.800000000000000488e-01
6.666666666666666297e-01 6.538461538461538547e-01 6.538461538461538547e-01 6.800000000000000488e-01 6.800000000000000488e-01
6.666666666666666297e-01 6.538461538461538547e-01 6.538461538461538547e-01 6.800000000000000488e-01 6.800000000000000488e-01
6.666666666666666297e-01 6.538461538461538547e-01 6.538461538461538547e-01 6.800000000000000488e-01 6.800000000000000488e-01
6.666666666666666297e-01 6.538461538461538547e-01 6.538461538461538547e-01 6.800000000000000488e-01 6.800000000000000488e-01
6.666666666666666297e-01 6.538461538461538547e-01 6.538461538461538547e-01 6.800000000000000488e-01 6.800000000000000488e-01
6.666666666666666297e-01 6.538461538461538547e-01 6.538461538461538547e-01 6.800000000000000488e-01 6.800000000000000488e-01
6.666666666666666297e-01 6.538461538461538547e-01 6.538461538461538547e-01 6.800000000000000488e-01 6.800000000000000488e-01
6.666666666666666297e-01 6.538461538461538547e-01 6.538461538461538547e-01 6.800000000000000488e-01 6.800000000000000488e-01
6.666666666666666297e-01 6.538461538461538547e-01 6.538461538461538547e-01 6.800000000000000488e-01 6.800000000000000488e-01
6.666666666666666297e-01 6.538461538461538547e-01 6.538461538461538547e-01 6.800000000000000488e-01 6.800000000000000488e-01
6.666666666666666297e-01 6.538461538461538547e-01 6.538461538461538547e-01 6.800000000000000488e-01 6.800000000000000488e-01
6.666666666666666297e-01 6.538461538461538547e-01 6.538461538461538547e-01 6.800000000000000488e-01 6.800000000000000488e-01
6.666666666666666297e-01 6.538461538461538547e-01 6.538461538461538547e-01 6.800000000000000488e-01 6.800000000000000488e-01
6.666666666666666297e-01 6.538461538461538547e-01 6.538461538461538547e-01 6.800000000000000488e-01 6.800000000000000488e-01
8.148148148148147696e-01 6.538461538461538547e-01 6.538461538461538547e-01 3.200000000000000067e-01 3.200000000000000067e-01
8.148148148148147696e-01 6.538461538461538547e-01 6.538461538461538547e-01 3.200000000000000067e-01 3.200000000000000067e-01
8.148148148148147696e-01 6.538461538461538547e-01 6.538461538461538547e-01 3.200000000000000067e-01 3.200000000000000067e-01
8.148148148148147696e-01 3.461538461538461453e-01 3.461538461538461453e-01 3.200000000000000067e-01 3.200000000000000067e-01
6.666666666666666297e-01 3.461538461538461453e-01 3.461538461538461453e-01 6.800000000000000488e-01 6.800000000000000488e-01
6.666666666666666297e-01 6.538461538461538547e-01 6.538461538461538547e-01 3.200000000000000067e-01 3.200000000000000067e-01
6.666666666666666297e-01 6.538461538461538547e-01 6.538461538461538547e-01 3.200000000000000067e-01 3.200000000000000067e-01
6.666666666666666297e-01 3.461538461538461453e-01 3.461538461538461453e-01 3.200000000000000067e-01 3.200000000000000067e-01
6.666666666666666297e-01 6.538461538461538547e-01 6.538461538461538547e-01 6.800000000000000488e-01 6.800000000000000488e-01
6.666666666666666297e-01 6.538461538461538547e-01 6.538461538461538547e-01 3.200000000000000067e-01 3.200000000000000067e-01
6.666666666666666297e-01 6.538461538461538547e-01 6.538461538461538547e-01 6.800000000000000488e-01 6.800000000000000488e-01
6.666666666666666297e-01 3.461538461538461453e-01 3.461538461538461453e-01 3.200000000000000067e-01 3.200000000000000067e-01
6.666666666666666297e-01 3.461538461538461453e-01 3.461538461538461453e-01 3.200000000000000067e-01 3.200000000000000067e-01
6.666666666666666297e-01 3.461538461538461453e-01 3.461538461538461453e-01 3.200000000000000067e-01 3.200000000000000067e-01
6.666666666666666297e-01 3.461538461538461453e-01 3.461538461538461453e-01 3.200000000000000067e-01 3.200000000000000067e-01
6.666666666666666297e-01 6.538461538461538547e-01 6.538461538461538547e-01 6.800000000000000488e-01 6.800000000000000488e-01
6.666666666666666297e-01 3.461538461538461453e-01 3.461538461538461453e-01 6.800000000000000488e-01 6.800000000000000488e-01
6.666666666666666297e-01 3.461538461538461453e-01 3.461538461538461453e-01 6.800000000000000488e-01 6.800000000000000488e-01
6.666666666666666297e-01 6.538461538461538547e-01 6.538461538461538547e-01 3.200000000000000067e-01 3.200000000000000067e-01
6.666666666666666297e-01 3.461538461538461453e-01 3.461538461538461453e-01 6.800000000000000488e-01 6.800000000000000488e-01
6.666666666666666297e-01 6.538461538461538547e-01 6.538461538461538547e-01 6.800000000000000488e-01 6.800000000000000488e-01
6.666666666666666297e-01 6.538461538461538547e-01 6.538461538461538547e-01 6.800000000000000488e-01 6.800000000000000488e-01
6.666666666666666297e-01 6.538461538461538547e-01 6.538461538461538547e-01 6.800000000000000488e-01 6.800000000000000488e-01
6.666666666666666297e-01 6.538461538461538547e-01 6.538461538461538547e-01 6.800000000000000488e-01 6.800000000000000488e-01
6.666666666666666297e-01 6.538461538461538547e-01 6.538461538461538547e-01 6.800000000000000488e-01 6.800000000000000488e-01
6.666666666666666297e-01 6.538461538461538547e-01 6.538461538461538547e-01 6.800000000000000488e-01 6.800000000000000488e-01
6.666666666666666297e-01 6.538461538461538547e-01 6.538461538461538547e-01 6.800000000000000488e-01 6.800000000000000488e-01
6.666666666666666297e-01 6.538461538461538547e-01 6.538461538461538547e-01 6.800000000000000488e-01 6.800000000000000488e-01
6.666666666666666297e-01 6.538461538461538547e-01 6.538461538461538547e-01 6.800000000000000488e-01 6.800000000000000488e-01
6.666666666666666297e-01 6.538461538461538547e-01 6.538461538461538547e-01 6.800000000000000488e-01 6.800000000000000488e-01
6.666666666666666297e-01 6.538461538461538547e-01 6.538461538461538547e-01 6.800000000000000488e-01 6.800000000000000488e-01
6.666666666666666297e-01 6.538461538461538547e-01 6.538461538461538547e-01 6.800000000000000488e-01 6.800000000000000488e-01
6.666666666666666297e-01 6.538461538461538547e-01 6.538461538461538547e-01 6.800000000000000488e-01 6.800000000000000488e-01
6.666666666666666297e-01 6.538461538461538547e-01 6.538461538461538547e-01 6.800000000000000488e-01 6.800000000000000488e-01
6.666666666666666297e-01 6.538461538461538547e-01 6.538461538461538547e-01 6.800000000000000488e-01 6.800000000000000488e-01
6.666666666666666297e-01 6.538461538461538547e-01 6.538461538461538547e-01 6.800000000000000488e-01 6.800000000000000488e-01
6.666666666666666297e-01 6.538461538461538547e-01 6.538461538461538547e-01 6.800000000000000488e-01 6.800000000000000488e-01
6.666666666666666297e-01 6.538461538461538547e-01 6.538461538461538547e-01 6.800000000000000488e-01 6.800000000000000488e-01
6.666666666666666297e-01 6.538461538461538547e-01 6.538461538461538547e-01 6.800000000000000488e-01 6.800000000000000488e-01
6.666666666666666297e-01 6.538461538461538547e-01 6.538461538461538547e-01 6.800000000000000488e-01 6.800000000000000488e-01
6.666666666666666297e-01 6.538461538461538547e-01 6.538461538461538547e-01 6.800000000000000488e-01 6.800000000000000488e-01
7.777777777777777901e-01 6.538461538461538547e-01 6.538461538461538547e-01 3.200000000000000067e-01 3.200000000000000067e-01
7.777777777777777901e-01 6.538461538461538547e-01 6.538461538461538547e-01 3.200000000000000067e-01 3.200000000000000067e-01
7.777777777777777901e-01 6.538461538461538547e-01 6.538461538461538547e-01 3.200000000000000067e-01 3.200000000000000067e-01
7.777777777777777901e-01 3.461538461538461453e-01 3.461538461538461453e-01 3.200000000000000067e-01 3.200000000000000067e-01
6.666666666666666297e-01 3.461538461538461453e-01 3.461538461538461453e-01 6.800000000000000488e-01 6.800000000000000488e-01
6.666666666666666297e-01 6.538461538461538547e-01 6.538461538461538547e-01 3.200000000000000067e-01 3.200000000000000067e-01
6.666666666666666297e-01 6.538461538461538547e-01 6.538461538461538547e-01 3.200000000000000067e-01 3.200000000000000067e-01
6.666666666666666297e-01 3.461538461538461453e-01 3.461538461538461453e-01 3.200000000000000067e-01 3.200000000000000067e-01
6.666666666666666297e-01 6.538461538461538547e-01 6.538461538461538547e-01 6.800000000000000488e-01 6.800000000000000488e-01
6.666666666666666297e-01 6.538461538461538547e-01 6.538461538461538547e-01 3.200000000000000067e-01 3.200000000000000067e-01
6.666666666666666297e-01 6.538461538461538547e-01 6.538461538461538547e-01 6.800000000000000488e-01 6.800000000000000488e-01
6.666666666666666297e-01 3.461538461538461453e-01 3.461538461538461453e-01 3.200000000000000067e-01 3.200000000000000067e-01
6.666666666666666297e-01 3.461538461538461453e-01 3.461538461538461453e-01 3.200000000000000067e-01 3.200000000000000067e-01
6.666666666666666297e-01 3.461538461538461453e-01 3.461538461538461453e-01 3.200000000000000067e-01 3.200000000000000067e-01
6.666666666666666297e-01 3.461538461538461453e-01 3.461538461538461453e-01 3.200000000000000067e-01 3.200000000000000067e-01
6.666666666666666297e-01 6.538461538461538547e-01 6.538461538461538547e-01 6.800000000000000488e-01 6.800000000000000488e-01
6.666666666666666297e-01 3.461538461538461453e-01 3.461538461538461453e-01 6.800000000000000488e-01 6.800000000000000488e-01
6.666666666666666297e-01 3.461538461538461453e-01 3.461538461538461453e-01 6.800000000000000488e-01 6.800000000000000488e-01
6.666666666666666297e-01 6.538461538461538547e-01 6.538461538461538547e-01 3.200000000000000067e-01 3.200000000000000067e-01
6.666666666666666297e-01 3.461538461538461453e-01 3.461538461538461453e-01 6.800000000000000488e-01 6.800000000000000488e-01
6.666666666666666297e-01 6.538461538461538547e-01 6.538461538461538547e-01 6.800000000000000488e-01 6.800000000000000488e-01
6.666666666666666297e-01 6.538461538461538547e-01 6.538461538461538547e-01 6.800000000000000488e-01 6.800000000000000488e-01
6.666666666666666297e-01 6.538461538461538547e-01 6.538461538461538547e-01 6.800000000000000488e-01 6.800000000000000488e-01
6.666666666666666297e-01 6.538461538461538547e-01 6.538461538461538547e-01 6.800000000000000488e-01 6.800000000000000488e-01
6.666666666666666297e-01 6.538461538461538547e-01 6.538461538461538547e-01 6.800000000000000488e-01 6.800000000000000488e-01
6.666666666666666297e-01 6.538461538461538547e-01 6.538461538461538547e-01 6.800000000000000488e-01 6.800000000000000488e-01
6.666666666666666297e-01 6.538461538461538547e-01 6.538461538461538547e-01 6.800000000000000488e-01 6.800000000000000488e-01
6.666666666666666297e-01 6.538461538461538547e-01 6.538461538461538547e-01 6.800000000000000488e-01 6.800000000000000488e-01
6.666666666666666297e-01 6.538461538461538547e-01 6.538461538461538547e-01 6.800000000000000488e-01 6.800000000000000488e-01
6.666666666666666297e-01 6.538461538461538547e-01 6.538461538461538547e-01 6.800000000000000488e-01 6.800000000000000488e-01
6.666666666666666297e-01 6.538461538461538547e-01 6.538461538461538547e-01 6.800000000000000488e-01 6.800000000000000488e-01
6.666666666666666297e-01 6.538461538461538547e-01 6.538461538461538547e-01 6.800000000000000488e-01 6.800000000000000488e-01
6.666666666666666297e-01 6.538461538461538547e-01 6.538461538461538547e-01 6.800000000000000488e-01 6.800000000000000488e-01
6.666666666666666297e-01 6.538461538461538547e-01 6.538461538461538547e-01 6.800000000000000488e-01 6.800000000000000488e-01
6.666666666666666297e-01 6.538461538461538547e-01 6.538461538461538547e-01 6.800000000000000488e-01 6.800000000000000488e-01
6.666666666666666297e-01 6.538461538461538547e-01 6.538461538461538547e-01 6.800000000000000488e-01 6.800000000000000488e-01
6.666666666666666297e-01 6.538461538461538547e-01 6.538461538461538547e-01 6.800000000000000488e-01 6.800000000000000488e-01
6.666666666666666297e-01 6.538461538461538547e-01 6.538461538461538547e-01 6.800000000000000488e-01 6.800000000000000488e-01
6.666666666666666297e-01 6.538461538461538547e-01 6.538461538461538547e-01 6.800000000000000488e-01 6.800000000000000488e-01
6.666666666666666297e-01 6.538461538461538547e-01 6.538461538461538547e-01 6.800000000000000488e-01 6.800000000000000488e-01
6.666666666666666297e-01 6.538461538461538547e-01 6.538461538461538547e-01 6.800000000000000488e-01 6.800000000000000488e-01
7.777777777777777901e-01 6.538461538461538547e-01 6.538461538461538547e-01 3.200000000000000067e-01 3.200000000000000067e-01
7.777777777777777901e-01 6.538461538461538547e-01 6.538461538461538547e-01 3.200000000000000067e-01 3.200000000000000067e-01
7.777777777777777901e-01 6.538461538461538547e-01 6.538461538461538547e-01 3.200000000000000067e-01 3.200000000000000067e-01
7.777777777777777901e-01 3.461538461538461453e-01 3.461538461538461453e-01 3.200000000000000067e-01 3.200000000000000067e-01
6.666666666666666297e-01 3.461538461538461453e-01 3.461538461538461453e-01 6.800000000000000488e-01 6.800000000000000488e-01
6.666666666666666297e-01 6.538461538461538547e-01 6.538461538461538547e-01 3.200000000000000067e-01 3.200000000000000067e-01
6.666666666666666297e-01 6.538461538461538547e-01 6.538461538461538547e-01 3.200000000000000067e-01 3.200000000000000067e-01
6.666666666666666297e-01 3.461538461538461453e-01 3.461538461538461453e-01 3.200000000000000067e-01 3.200000000000000067e-01
6.666666666666666297e-01 6.538461538461538547e-01 6.538461538461538547e-01 6.800000000000000488e-01 6.800000000000000488e-01
6.666666666666666297e-01 6.538461538461538547e-01 6.538461538461538547e-01 3.200000000000000067e-01 3.200000000000000067e-01
6.666666666666666297e-01 6.538461538461538547e-01 6.538461538461538547e-01 6.800000000000000488e-01 6.800000000000000488e-01
6.666666666666666297e-01 3.461538461538461453e-01 3.461538461538461453e-01 3.200000000000000067e-01 3.200000000000000067e-01
6.666666666666666297e-01 3.461538461538461453e-01 3.461538461538461453e-01 3.200000000000000067e-01 3.200000000000000067e-01
6.666666666666666297e-01 3.461538461538461453e-01 3.461538461538461453e-01 3.200000000000000067e-01 3.200000000000000067e-01
6.666666666666666297e-01 3.461538461538461453e-01 3.461538461538461453e-01 3.200000000000000067e-01 3.200000000000000067e-01
6.666666666666666297e-01 6.538461538461538547e-01 6.538461538461538547e-01 6.800000000000000488e-01 6.800000000000000488e-01
6.666666666666666297e-01 3.461538461538461453e-01 3.461538461538461453e-01 6.800000000000000488e-01 6.800000000000000488e-01
6.666666666666666297e-01 3.461538461538461453e-01 3.461538461538461453e-01 6.800000000000000488e-01 6.800000000000000488e-01
6.666666666666666297e-01 6.538461538461538547e-01 6.538461538461538547e-01 3.200000000000000067e-01 3.200000000000000067e-01
6.666666666666666297e-01 3.461538461538461453e-01 3.461538461538461453e-01 6.800000000000000488e-01 6.800000000000000488e-01
6.666666666666666297e-01 6.538461538461538547e-01 6.538461538461538547e-01 6.800000000000000488e-01 6.800000000000000488e-01
6.666666666666666297e-01 6.538461538461538547e-01 6.538461538461538547e-01 6.800000000000000488e-01 6.800000000000000488e-01
6.666666666666666297e-01 6.538461538461538547e-01 6.538461538461538547e-01 6.800000000000000488e-01 6.800000000000000488e-01
6.666666666666666297e-01 6.538461538461538547e-01 6.538461538461538547e-01 6.800000000000000488e-01 6.800000000000000488e-01
6.666666666666666297e-01 6.538461538461538547e-01 6.538461538461538547e-01 6.800000000000000488e-01 6.800000000000000488e-01
6.666666666666666297e-01 6.538461538461538547e-01 6.538461538461538547e-01 6.800000000000000488e-01 6.800000000000000488e-01
6.666666666666666297e-01 6.538461538461538547e-01 6.538461538461538547e-01 6.800000000000000488e-01 6.800000000000000488e-01
6.666666666666666297e-01 6.538461538461538547e-01 6.538461538461538547e-01 6.800000000000000488e-01 6.800000000000000488e-01
6.666666666666666297e-01 6.538461538461538547e-01 6.538461538461538547e-01 6.800000000000000488e-01 6.800000000000000488e-01
6.666666666666666297e-01 6.538461538461538547e-01 6.538461538461538547e-01 6.800000000000000488e-01 6.800000000000000488e-01
6.666666666666666297e-01 6.538461538461538547e-01 6.538461538461538547e-01 6.800000000000000488e-01 6.800000000000000488e-01
6.666666666666666297e-01 6.538461538461538547e-01 6.538461538461538547e-01 6.800000000000000488e-01 6.800000000000000488e-01
6.666666666666666297e-01 6.538461538461538547e-01 6.538461538461538547e-01 6.800000000000000488e-01 6.800000000000000488e-01
6.666666666666666297e-01 6.538461538461538547e-01 6.538461538461538547e-01 6.800000000000000488e-01 6.800000000000000488e-01
6.666666666666666297e-01 6.538461538461538547e-01 6.538461538461538547e-01 6.800000000000000488e-01 6.800000000000000488e-01
6.666666666666666297e-01 6.538461538461538547e-01 6.538461538461538547e-01 6.800000000000000488e-01 6.800000000000000488e-01
6.666666666666666297e-01 6.538461538461538547e-01 6.538461538461538547e-01 6.800000000000000488e-01 6.800000000000000488e-01
6.666666666666666297e-01 6.538461538461538547e-01 6.538461538461538547e-01 6.800000000000000488e-01 6.800000000000000488e-01
6.666666666666666297e-01 6.538461538461538547e-01 6.538461538461538547e-01 6.800000000000000488e-01 6.800000000000000488e-01
6.666666666666666297e-01 6.538461538461538547e-01 6.538461538461538547e-01 6.800000000000000488e-01 6.800000000000000488e-01
6.666666666666666297e-01 6.538461538461538547e-01 6.538461538461538547e-01 6.800000000000000488e-01 6.800000000000000488e-01
7.777777777777777901e-01 6.538461538461538547e-01 6.538461538461538547e-01 3.200000000000000067e-01 3.200000000000000067e-01
7.777777777777777901e-01 6.538461538461538547e-01 6.538461538461538547e-01 3.200000000000000067e-01 3.200000000000000067e-01
7.777777777777777901e-01 6.538461538461538547e-01 6.538461538461538547e-01 3.200000000000000067e-01 3.200000000000000067e-01
7.777777777777777901e-01 3.461538461538461453e-01 3.461538461538461453e-01 3.200000000000000067e-01 3.200000000000000067e-01
6.666666666666666297e-01 3.461538461538461453e-01 3.461538461538461453e-01 6.800000000000000488e-01 6.800000000000000488e-01
6.666666666666666297e-01 6.538461538461538547e-01 6.538461538461538547e-01 3.200000000000000067e-01 3.200000000000000067e-01
6.666666666666666297e-01 6.538461538461538547e-01 6.538461538461538547e-01 3.200000000000000067e-01 3.200000000000000067e-01
6.666666666666666297e-01 3.461538461538461453e-01 3.461538461538461453e-01 3.200000000000000067e-01 3.200000000000000067e-01
6.666666666666666297e-01 6.538461538461538547e-01 6.538461538461538547e-01 6.800000000000000488e-01 6.800000000000000488e-01
6.666666666666666297e-01 6.538461538461538547e-01 6.538461538461538547e-01 3.200000000000000067e-01 3.200000000000000067e-01
6.666666666666666297e-01 6.538461538461538547e-01 6.538461538461538547e-01 6.800000000000000488e-01 6.800000000000000488e-01
6.666666666666666297e-01 3.461538461538461453e-01 3.461538461538461453e-01 3.200000000000000067e-01 3.200000000000000067e-01
6.666666666666666297e-01 3.461538461538461453e-01 3.461538461538461453e-01 3.200000000000000067e-01 3.200000000000000067e-01
6.666666666666666297e-01 3.461538461538461453e-01 3.461538461538461453e-01 3.200000000000000067e-01 3.200000000000000067e-01
6.666666666666666297e-01 3.461538461538461453e-01 3.461538461538461453e-01 3.200000000000000067e-01 3.200000000000000067e-01
6.666666666666666297e-01 6.538461538461538547e-01 6.538461538461538547e-01 6.800000000000000488e-01 6.800000000000000488e-01
6.666666666666666297e-01 3.461538461538461453e-01 3.461538461538461453e-01 6.800000000000000488e-01 6.800000000000000488e-01
6.666666666666666297e-01 3.461538461538461453e-01 3.461538461538461453e-01 6.800000000000000488e-01 6.800000000000000488e-01
6.666666666666666297e-01 6.538461538461538547e-01 6.538461538461538547e-01 3.200000000000000067e-01 3.200000000000000067e-01
6.666666666666666297e-01 3.461538461538461453e-01 3.461538461538461453e-01 6.800000000000000488e-01 6.800000000000000488e-01
6.666666666666666297e-01 6.538461538461538547e-01 6.538461538461538547e-01 6.800000000000000488e-01 6.800000000000000488e-01
6.666666666666666297e-01 6.538461538461538547e-01 6.538461538461538547e-01 6.800000000000000488e-01 6.800000000000000488e-01
6.666666666666666297e-01 6.538461538461538547e-01 6.538461538461538547e-01 6.800000000000000488e-01 6.800000000000000488e-01
6.666666666666666297e-01 6.538461538461538547e-01 6.538461538461538547e-01 6.800000000000000488e-01 6.800000000000000488e-01
6.666666666666666297e-01 6.538461538461538547e-01 6.538461538461538547e-01 6.800000000000000488e-01 6.800000000000000488e-01
6.666666666666666297e-01 6.538461538461538547e-01 6.538461538461538547e-01 6.800000000000000488e-01 6.800000000000000488e-01
6.666666666666666297e-01 6.538461538461538547e-01 6.538461538461538547e-01 6.800000000000000488e-01 6.800000000000000488e-01
6.666666666666666297e-01 6.538461538461538547e-01 6.538461538461538547e-01 6.800000000000000488e-01 6.800000000000000488e-01
6.666666666666666297e-01 6.538461538461538547e-01 6.538461538461538547e-01 6.800000000000000488e-01 6.800000000000000488e-01
6.666666666666666297e-01 6.538461538461538547e-01 6.538461538461538547e-01 6.800000000000000488e-01 6.800000000000000488e-01
6.666666666666666297e-01 6.538461538461538547e-01 6.538461538461538547e-01 6.800000000000000488e-01 6.800000000000000488e-01
6.666666666666666297e-01 6.538461538461538547e-01 6.538461538461538547e-01 6.800000000000000488e-01 6.800000000000000488e-01
6.666666666666666297e-01 6.538461538461538547e-01 6.538461538461538547e-01 6.800000000000000488e-01 6.800000000000000488e-01
6.666666666666666297e-01 6.538461538461538547e-01 6.538461538461538547e-01 6.800000000000000488e-01 6.800000000000000488e-01
6.666666666666666297e-01 6.538461538461538547e-01 6.538461538461538547e-01 6.800000000000000488e-01 6.800000000000000488e-01
6.666666666666666297e-01 6.538461538461538547e-01 6.538461538461538547e-01 6.800000000000000488e-01 6.800000000000000488e-01
6.666666666666666297e-01 6.538461538461538547e-01 6.538461538461538547e-01 6.800000000000000488e-01 6.800000000000000488e-01
6.666666666666666297e-01 6.538461538461538547e-01 6.538461538461538547e-01 6.800000000000000488e-01 6.800000000000000488e-01
6.666666666666666297e-01 6.538461538461538547e-01 6.538461538461538547e-01 6.800000000000000488e-01 6.800000000000000488e-01
6.666666666666666297e-01 6.538461538461538547e-01 6.538461538461538547e-01 6.800000000000000488e-01 6.800000000000000488e-01
6.666666666666666297e-01 6.538461538461538547e-01 6.538461538461538547e-01 6.800000000000000488e-01 6.800000000000000488e-01
7.777777777777777901e-01 6.538461538461538547e-01 6.538461538461538547e-01 3.200000000000000067e-01 3.200000000000000067e-01
7.777777777777777901e-01 6.538461538461538547e-01 6.538461538461538547e-01 3.200000000000000067e-01 3.200000000000000067e-01
7.777777777777777901e-01 6.538461538461538547e-01 6.538461538461538547e-01 3.200000000000000067e-01 3.200000000000000067e-01
7.777777777777777901e-01 3.461538461538461453e-01 3.461538461538461453e-01 3.200000000000000067e-01 3.200000000000000067e-01
6.666666666666666297e-01 3.461538461538461453e-01 3.461538461538461453e-01 6.800000000000000488e-01 6.800000000000000488e-01
6.666666666666666297e-01 6.538461538461538547e-01 6.538461538461538547e-01 3.200000000000000067e-01 3.200000000000000067e-01
6.666666666666666297e-01 6.538461538461538547e-01 6.538461538461538547e-01 3.200000000000000067e-01 3.200000000000000067e-01
6.666666666666666297e-01 3.461538461538461453e-01 3.461538461538461453e-01 3.200000000000000067e-01 3.200000000000000067e-01
6.666666666666666297e-01 6.538461538461538547e-01 6.538461538461538547e-01 6.800000000000000488e-01 6.800000000000000488e-01
6.666666666666666297e-01 6.538461538461538547e-01 6.538461538461538547e-01 3.200000000000000067e-01 3.200000000000000067e-01
6.666666666666666297e-01 6.538461538461538547e-01 6.538461538461538547e-01 6.800000000000000488e-01 6.800000000000000488e-01
6.666666666666666297e-01 3.461538461538461453e-01 3.461538461538461453e-01 3.200000000000000067e-01 3.200000000000000067e-01
6.666666666666666297e-01 3.461538461538461453e-01 3.461538461538461453e-01 3.200000000000000067e-01 3.200000000000000067e-01
6.666666666666666297e-01 3.461538461538461453e-01 3.461538461538461453e-01 3.200000000000000067e-01 3.200000000000000067e-01
6.666666666666666297e-01 3.461538461538461453e-01 3.461538461538461453e-01 3.200000000000000067e-01 3.200000000000000067e-01
6.666666666666666297e-01 6.538461538461538547e-01 6.538461538461538547e-01 6.800000000000000488e-01 6.800000000000000488e-01
6.666666666666666297e-01 3.461538461538461453e-01 3.461538461538461453e-01 6.800000000000000488e-01 6.800000000000000488e-01
6.666666666666666297e-01 3.461538461538461453e-01 3.461538461538461453e-01 6.800000000000000488e-01 6.800000000000000488e-01
6.666666666666666297e-01 6.538461538461538547e-01 6.538461538461538547e-01 3.200000000000000067e-01 3.200000000000000067e-01
6.666666666666666297e-01 3.461538461538461453e-01 3.461538461538461453e-01 6.800000000000000488e-01 6.800000000000000488e-01
6.666666666666666297e-01 6.538461538461538547e-01 6.538461538461538547e-01 6.800000000000000488e-01 6.800000000000000488e-01
6.666666666666666297e-01 6.538461538461538547e-01 6.538461538461538547e-01 6.800000000000000488e-01 6.800000000000000488e-01
6.666666666666666297e-01 6.538461538461538547e-01 6.538461538461538547e-01 6.800000000000000488e-01 6.800000000000000488e-01
6.666666666666666297e-01 6.538461538461538547e-01 6.538461538461538547e-01 6.800000000000000488e-01 6.800000000000000488e-01
6.666666666666666297e-01 6.538461538461538547e-01 6.538461538461538547e-01 6.800000000000000488e-01 6.800000000000000488e-01
6.666666666666666297e-01 6.538461538461538547e-01 6.538461538461538547e-01 6.800000000000000488e-01 6.800000000000000488e-01
6.666666666666666297e-01 6.538461538461538547e-01 6.538461538461538547e-01 6.800000000000000488e-01 6.800000000000000488e-01
6.666666666666666297e-01 6.538461538461538547e-01 6.538461538461538547e-01 6.800000000000000488e-01 6.800000000000000488e-01
6.666666666666666297e-01 6.538461538461538547e-01 6.538461538461538547e-01 6.800000000000000488e-01 6.800000000000000488e-01
6.666666666666666297e-01 6.538461538461538547e-01 6.538461538461538547e-01 6.800000000000000488e-01 6.800000000000000488e-01
6.666666666666666297e-01 6.538461538461538547e-01 6.538461538461538547e-01 6.800000000000000488e-01 6.800000000000000488e-01
6.666666666666666297e-01 6.538461538461538547e-01 6.538461538461538547e-01 6.800000000000000488e-01 6.800000000000000488e-01
6.666666666666666297e-01 6.538461538461538547e-01 6.538461538461538547e-01 6.800000000000000488e-01 6.800000000000000488e-01
6.666666666666666297e-01 6.538461538461538547e-01 6.538461538461538547e-01 6.800000000000000488e-01 6.800000000000000488e-01
6.666666666666666297e-01 6.538461538461538547e-01 6.538461538461538547e-01 6.800000000000000488e-01 6.800000000000000488e-01
6.666666666666666297e-01 6.538461538461538547e-01 6.538461538461538547e-01 6.800000000000000488e-01 6.800000000000000488e-01
6.666666666666666297e-01 6.538461538461538547e-01 6.538461538461538547e-01 6.800000000000000488e-01 6.800000000000000488e-01
6.666666666666666297e-01 6.538461538461538547e-01 6.538461538461538547e-01 6.800000000000000488e-01 6.800000000000000488e-01
6.666666666666666297e-01 6.538461538461538547e-01 6.538461538461538547e-01 6.800000000000000488e-01 6.800000000000000488e-01
6.666666666666666297e-01 6.538461538461538547e-01 6.538461538461538547e-01 6.800000000000000488e-01 6.800000000000000488e-01
6.666666666666666297e-01 6.538461538461538547e-01 6.538461538461538547e-01 6.800000000000000488e-01 6.800000000000000488e-01
3.333333333333333148e-01 6.538461538461538547e-01 6.538461538461538547e-01 3.200000000000000067e-01 3.200000000000000067e-01
3.333333333333333148e-01 6.538461538461538547e-01 6.538461538461538547e-01 3.200000000000000067e-01 3.200000000000000067e-01
3.333333333333333148e-01 6.538461538461538547e-01 6.538461538461538547e-01 3.200000000000000067e-01 3.200000000000000067e-01
3.333333333333333148e-01 3.461538461538461453e-01 3.461538461538461453e-01 3.200000000000000067e-01 3.200000000000000067e-01
6.666666666666666297e-01 3.461538461538461453e-01 3.461538461538461453e-01 6.800000000000000488e-01 6.800000000000000488e-01
6.666666666666666297e-01 6.538461538461538547e-01 6.538461538461538547e-01 3.200000000000000067e-01 3.200000000000000067e-01
6.666666666666666297e-01 6.538461538461538547e-01 6.538461538461538547e-01 3.200000000000000067e-01 3.200000000000000067e-01
6.666666666666666297e-01 3.461538461538461453e-01 3.461538461538461453e-01 3.200000000000000067e-01 3.200000000000000067e-01
6.666666666666666297e-01 6.538461538461538547e-01 6.538461538461538547e-01 6.800000000000000488e-01 6.800000000000000488e-01
6.666666666666666297e-01 6.538461538461538547e-01 6.538461538461538547e-01 3.200000000000000067e-01 3.200000000000000067e-01
6.666666666666666297e-01 6.538461538461538547e-01 6.538461538461538547e-01 6.800000000000000488e-01 6.800000000000000488e-01
6.666666666666666297e-01 3.461538461538461453e-01 3.461538461538461453e-01 3.200000000000000067e-01 3.200000000000000067e-01
6.666666666666666297e-01 3.461538461538461453e-01 3.461538461538461453e-01 3.200000000000000067e-01 3.200000000000000067e-01
6.666666666666666297e-01 3.461538461538461453e-01 3.461538461538461453e-01 3.200000000000000067e-01 3.200000000000000067e-01
6.666666666666666297e-01 3.461538461538461453e-01 3.461538461538461453e-01 3.200000000000000067e-01 3.200000000000000067e-01
6.666666666666666297e-01 6.538461538461538547e-01 6.538461538461538547e-01 6.800000000000000488e-01 6.800000000000000488e-01
6.666666666666666297e-01 3.461538461538461453e-01 3.461538461538461453e-01 6.800000000000000488e-01 6.800000000000000488e-01
6.666666666666666297e-01 3.461538461538461453e-01 3.461538461538461453e-01 6.800000000000000488e-01 6.800000000000000488e-01
6.666666666666666297e-01 6.538461538461538547e-01 6.538461538461538547e-01 3.200000000000000067e-01 3.200000000000000067e-01
6.666666666666666297e-01 3.461538461538461453e-01 3.461538461538461453e-01 6.800000000000000488e-01 6.800000000000000488e-01
6.666666666666666297e-01 6.538461538461538547e-01 6.538461538461538547e-01 6.800000000000000488e-01 6.800000000000000488e-01
6.666666666666666297e-01 6.538461538461538547e-01 6.538461538461538547e-01 6.800000000000000488e-01 6.800000000000000488e-01
6.666666666666666297e-01 6.538461538461538547e-01 6.538461538461538547e-01 6.800000000000000488e-01 6.800000000000000488e-01
6.666666666666666297e-01 6.538461538461538547e-01 6.538461538461538547e-01 6.800000000000000488e-01 6.800000000000000488e-01
6.666666666666666297e-01 6.538461538461538547e-01 6.538461538461538547e-01 6.800000000000000488e-01 6.800000000000000488e-01
6.666666666666666297e-01 6.538461538461538547e-01 6.538461538461538547e-01 6.800000000000000488e-01 6.800000000000000488e-01
6.666666666666666297e-01 6.538461538461538547e-01 6.538461538461538547e-01 6.800000000000000488e-01 6.800000000000000488e-01
6.666666666666666297e-01 6.538461538461538547e-01 6.538461538461538547e-01 6.800000000000000488e-01 6.800000000000000488e-01
6.666666666666666297e-01 6.538461538461538547e-01 6.538461538461538547e-01 6.800000000000000488e-01 6.800000000000000488e-01
6.666666666666666297e-01 6.538461538461538547e-01 6.538461538461538547e-01 6.800000000000000488e-01 6.800000000000000488e-01
6.666666666666666297e-01 6.538461538461538547e-01 6.538461538461538547e-01 6.800000000000000488e-01 6.800000000000000488e-01
6.666666666666666297e-01 6.538461538461538547e-01 6.538461538461538547e-01 6.800000000000000488e-01 6.800000000000000488e-01
6.666666666666666297e-01 6.538461538461538547e-01 6.538461538461538547e-01 6.800000000000000488e-01 6.800000000000000488e-01
6.666666666666666297e-01 6.538461538461538547e-01 6.538461538461538547e-01 6.800000000000000488e-01 6.800000000000000488e-01
6.666666666666666297e-01 6.538461538461538547e-01 6.538461538461538547e-01 6.800000000000000488e-01 6.800000000000000488e-01
6.666666666666666297e-01 6.538461538461538547e-01 6.538461538461538547e-01 6.800000000000000488e-01 6.800000000000000488e-01
6.666666666666666297e-01 6.538461538461538547e-01 6.538461538461538547e-01 6.800000000000000488e-01 6.800000000000000488e-01
6.666666666666666297e-01 6.538461538461538547e-01 6.538461538461538547e-01 6.800000000000000488e-01 6.800000000000000488e-01
6.666666666666666297e-01 6.538461538461538547e-01 6.538461538461538547e-01 6.800000000000000488e-01 6.800000000000000488e-01
6.666666666666666297e-01 6.538461538461538547e-01 6.538461538461538547e-01 6.800000000000000488e-01 6.800000000000000488e-01
6.666666666666666297e-01 6.538461538461538547e-01 6.538461538461538547e-01 6.800000000000000488e-01 6.800000000000000488e-01
3.333333333333333148e-01 6.538461538461538547e-01 6.538461538461538547e-01 3.200000000000000067e-01 3.200000000000000067e-01
3.333333333333333148e-01 6.538461538461538547e-01 6.538461538461538547e-01 3.200000000000000067e-01 3.200000000000000067e-01
3.333333333333333148e-01 6.538461538461538547e-01 6.538461538461538547e-01 3.200000000000000067e-01 3.200000000000000067e-01
3.333333333333333148e-01 3.461538461538461453e-01 3.461538461538461453e-01 3.200000000000000067e-01 3.200000000000000067e-01
6.666666666666666297e-01 3.461538461538461453e-01 3.461538461538461453e-01 6.800000000000000488e-01 6.800000000000000488e-01
6.666666666666666297e-01 6.538461538461538547e-01 6.538461538461538547e-01 3.200000000000000067e-01 3.200000000000000067e-01
6.666666666666666297e-01 6.538461538461538547e-01 6.538461538461538547e-01 3.200000000000000067e-01 3.200000000000000067e-01
6.666666666666666297e-01 3.461538461538461453e-01 3.461538461538461453e-01 3.200000000000000067e-01 3.200000000000000067e-01
6.666666666666666297e-01 6.538461538461538547e-01 6.538461538461538547e-01 6.800000000000000488e-01 6.800000000000000488e-01
6.666666666666666297e-01 6.538461538461538547e-01 6.538461538461538547e-01 3.200000000000000067e-01 3.200000000000000067e-01
6.666666666666666297e-01 6.538461538461538547e-01 6.538461538461538547e-01 6.800000000000000488e-01 6.800000000000000488e-01
6.666666666666666297e-01 3.461538461538461453e-01 3.461538461538461453e-01 3.200000000000000067e-01 3.200000000000000067e-01
6.666666666666666297e-01 3.461538461538461453e-01 3.461538461538461453e-01 3.200000000000000067e-01 3.200000000000000067e-01
6.666666666666666297e-01 3.461538461538461453e-01 3.461538461538461453e-01 3.200000000000000067e-01 3.200000000000000067e-01
6.666666666666666297e-01 3.461538461538461453e-01 3.461538461538461453e-01 3.200000000000000067e-01 3.200000000000000067e-01
6.666666666666666297e-01 6.538461538461538547e-01 6.538461538461538547e-01 6.800000000000000488e-01 6.800000000000000488e-01
6.666666666666666297e-01 3.461538461538461453e-01 3.461538461538461453e-01 6.800000000000000488e-01 6.800000000000000488e-01
6.666666666666666297e-01 3.461538461538461453e-01 3.461538461538461453e-01 6.800000000000000488e-01 6.800000000000000488e-01
6.666666666666666297e-01 6.538461538461538547e-01 6.538461538461538547e-01 3.200000000000000067e-01 3.200000000000000067e-01
6.666666666666666297e-01 3.461538461538461453e-01 3.461538461538461453e-01 6.800000000000000488e-01 6.800000000000000488e-01
6.666666666666666297e-01 6.538461538461538547e-01 6.538461538461538547e-01 6.800000000000000488e-01 6.800000000000000488e-01
6.666666666666666297e-01 6.538461538461538547e-01 6.538461538461538547e-01 6.800000000000000488e-01 6.800000000000000488e-01
6.666666666666666297e-01 6.538461538461538547e-01 6.538461538461538547e-01 6.800000000000000488e-01 6.800000000000000488e-01
6.666666666666666297e-01 6.538461538461538547e-01 6.538461538461538547e-01 6.800000000000000488e-01 6.800000000000000488e-01
6.666666666666666297e-01 6.538461538461538547e-01 6.538461538461538547e-01 6.800000000000000488e-01 6.800000000000000488e-01
6.666666666666666297e-01 6.538461538461538547e-01 6.538461538461538547e-01 6.800000000000000488e-01 6.800000000000000488e-01
6.666666666666666297e-01 6.538461538461538547e-01 6.538461538461538547e-01 6.800000000000000488e-01 6.800000000000000488e-01
6.666666666666666297e-01 6.538461538461538547e-01 6.538461538461538547e-01 6.800000000000000488e-01 6.800000000000000488e-01
6.666666666666666297e-01 6.538461538461538547e-01 6.538461538461538547e-01 6.800000000000000488e-01 6.800000000000000488e-01
6.666666666666666297e-01 6.538461538461538547e-01 6.538461538461538547e-01 6.800000000000000488e-01 6.800000000000000488e-01
6.666666666666666297e-01 6.538461538461538547e-01 6.538461538461538547e-01 6.800000000000000488e-01 6.800000000000000488e-01
6.666666666666666297e-01 6.538461538461538547e-01 6.538461538461538547e-01 6.800000000000000488e-01 6.800000000000000488e-01
6.666666666666666297e-01 6.538461538461538547e-01 6.538461538461538547e-01 6.800000000000000488e-01 6.800000000000000488e-01
6.666666666666666297e-01 6.538461538461538547e-01 6.538461538461538547e-01 6.800000000000000488e-01 6.800000000000000488e-01
6.666666666666666297e-01 6.538461538461538547e-01 6.538461538461538547e-01 6.800000000000000488e-01 6.800000000000000488e-01
6.666666666666666297e-01 6.538461538461538547e-01 6.538461538461538547e-01 6.800000000000000488e-01 6.800000000000000488e-01
6.666666666666666297e-01 6.538461538461538547e-01 6.538461538461538547e-01 6.800000000000000488e-01 6.800000000000000488e-01
6.666666666666666297e-01 6.538461538461538547e-01 6.538461538461538547e-01 6.800000000000000488e-01 6.800000000000000488e-01
6.666666666666666297e-01 6.538461538461538547e-01 6.538461538461538547e-01 6.800000000000000488e-01 6.800000000000000488e-01
6.666666666666666297e-01 6.538461538461538547e-01 6.538461538461538547e-01 6.800000000000000488e-01 6.800000000000000488e-01
6.666666666666666297e-01 6.538461538461538547e-01 6.538461538461538547e-01 6.800000000000000488e-01 6.800000000000000488e-01
3.333333333333333148e-01 6.538461538461538547e-01 6.538461538461538547e-01 3.200000000000000067e-01 3.200000000000000067e-01
3.333333333333333148e-01 6.538461538461538547e-01 6.538461538461538547e-01 3.200000000000000067e-01 3.200000000000000067e-01
3.333333333333333148e-01 6.538461538461538547e-01 6.538461538461538547e-01 3.200000000000000067e-01 3.200000000000000067e-01
3.333333333333333148e-01 3.461538461538461453e-01 3.461538461538461453e-01 3.200000000000000067e-01 3.200000000000000067e-01
6.666666666666666297e-01 3.461538461538461453e-01 3.461538461538461453e-01 6.800000000000000488e-01 6.800000000000000488e-01
6.666666666666666297e-01 6.538461538461538547e-01 6.538461538461538547e-01 3.200000000000000067e-01 3.200000000000000067e-01
6.666666666666666297e-01 6.538461538461538547e-01 6.538461538461538547e-01 3.200000000000000067e-01 3.200000000000000067e-01
6.666666666666666297e-01 3.461538461538461453e-01 3.461538461538461453e-01 3.200000000000000067e-01 3.200000000000000067e-01
6.666666666666666297e-01 6.538461538461538547e-01 6.538461538461538547e-01 6.800000000000000488e-01 6.800000000000000488e-01
6.666666666666666297e-01 6.538461538461538547e-01 6.538461538461538547e-01 3.200000000000000067e-01 3.200000000000000067e-01
6.666666666666666297e-01 6.538461538461538547e-01 6.538461538461538547e-01 6.800000000000000488e-01 6.800000000000000488e-01
6.666666666666666297e-01 3.461538461538461453e-01 3.461538461538461453e-01 3.200000000000000067e-01 3.200000000000000067e-01
6.666666666666666297e-01 3.461538461538461453e-01 3.461538461538461453e-01 3.200000000000000067e-01 3.200000000000000067e-01
6.666666666666666297e-01 3.461538461538461453e-01 3.461538461538461453e-01 3.200000000000000067e-01 3.200000000000000067e-01
6.666666666666666297e-01 3.461538461538461453e-01 3.461538461538461453e-01 3.200000000000000067e-01 3.200000000000000067e-01
6.666666666666666297e-01 6.538461538461538547e-01 6.538461538461538547e-01 6.800000000000000488e-01 6.800000000000000488e-01
6.666666666666666297e-01 3.461538461538461453e-01 3.461538461538461453e-01 6.800000000000000488e-01 6.800000000000000488e-01
6.666666666666666297e-01 3.461538461538461453e-01 3.461538461538461453e-01 6.800000000000000488e-01 6.800000000000000488e-01
6.666666666666666297e-01 6.538461538461538547e-01 6.538461538461538547e-01 3.200000000000000067e-01 3.200000000000000067e-01
6.666666666666666297e-01 3.461538461538461453e-01 3.461538461538461453e-01 6.800000000000000488e-01 6.800000000000000488e-01
6.666666666666666297e-01 6.538461538461538547e-01 6.538461538461538547e-01 6.800000000000000488e-01 6.800000000000000488e-01
6.666666666666666297e-01 6.538461538461538547e-01 6.538461538461538547e-01 6.800000000000000488e-01 6.800000000000000488e-01
6.666666666666666297e-01 6.538461538461538547e-01 6.538461538461538547e-01 6.800000000000000488e-01 6.800000000000000488e-01
6.666666666666666297e-01 6.538461538461538547e-01 6.538461538461538547e-01 6.800000000000000488e-01 6.800000000000000488e-01
6.666666666666666297e-01 6.538461538461538547e-01 6.538461538461538547e-01 6.800000000000000488e-01 6.800000000000000488e-01
6.666666666666666297e-01 6.538461538461538547e-01 6.538461538461538547e-01 6.800000000000000488e-01 6.800000000000000488e-01
6.666666666666666297e-01 6.538461538461538547e-01 6.538461538461538547e-01 6.800000000000000488e-01 6.800000000000000488e-01
6.666666666666666297e-01 6.538461538461538547e-01 6.538461538461538547e-01 6.800000000000000488e-01 6.800000000000000488e-01
6.666666666666666297e-01 6.538461538461538547e-01 6.538461538461538547e-01 6.800000000000000488e-01 6.800000000000000488e-01
6.666666666666666297e-01 6.538461538461538547e-01 6.538461538461538547e-01 6.800000000000000488e-01 6.800000000000000488e-01
6.666666666666666297e-01 6.538461538461538547e-01 6.538461538461538547e-01 6.800000000000000488e-01 6.800000000000000488e-01
6.666666666666666297e-01 6.538461538461538547e-01 6.538461538461538547e-01 6.800000000000000488e-01 6.800000000000000488e-01
6.666666666666666297e-01 6.538461538461538547e-01 6.538461538461538547e-01 6.800000000000000488e-01 6.800000000000000488e-01
6.666666666666666297e-01 6.538461538461538547e-01 6.538461538461538547e-01 6.800000000000000488e-01 6.800000000000000488e-01
6.666666666666666297e-01 6.538461538461538547e-01 6.538461538461538547e-01 6.800000000000000488e-01 6.800000000000000488e-01
6.666666666666666297e-01 6.538461538461538547e-01 6.538461538461538547e-01 6.800000000000000488e-01 6.800000000000000488e-01
6.666666666666666297e-01 6.538461538461538547e-01 6.538461538461538547e-01 6.800000000000000488e-01 6.800000000000000488e-01
6.666666666666666297e-01 6.538461538461538547e-01 6.538461538461538547e-01 6.800000000000000488e-01 6.800000000000000488e-01
6.666666666666666297e-01 6.538461538461538547e-01 6.538461538461538547e-01 6.800000000000000488e-01 6.800000000000000488e-01
6.666666666666666297e-01 6.538461538461538547e-01 6.538461538461538547e-01 6.800000000000000488e-01 6.800000000000000488e-01
6.666666666666666297e-01 6.538461538461538547e-01 6.538461538461538547e-01 6.800000000000000488e-01 6.800000000000000488e-01
